333266,157.15149
48537,147.90991
14526,138.16364
360140,137.4202
167506,136.98575
302498,131.78786
334075,131.26819
73373,131.02065
264662,130.89383
118106,130.80043
208791,130.75725
205439,130.4058
134392,130.14352
48475,129.50462
149798,129.3376
290775,129.07974
131384,128.78229
238646,127.72824
25518,127.52954
44466,127.02924
133830,126.79728
301846,126.213394
321755,125.97317
107758,125.87583
80918,125.63552
61210,125.58381
153625,125.25333
205860,125.222084
182090,124.84223
39299,124.670395
367204,124.48552
203707,124.35666
181034,124.28839
98329,124.28692
311708,124.15274
348475,123.97383
145907,123.822845
265200,123.81403
339135,123.51171
239313,123.30889
211012,123.27404
250575,123.204834
304365,123.14769
358114,123.055374
266064,123.04529
191072,122.91969
28577,122.676
161245,122.647644
310673,122.643875
26261,122.629265
79425,122.46044
266035,122.37203
109026,122.04688
279756,121.96163
152755,121.91511
126181,121.87437
87079,121.844154
191143,121.74602
194645,121.574684
116733,121.50158
325512,121.307
139509,121.24139
270867,121.03995
192665,121.02101
57195,120.941536
106884,120.47752
272854,120.444214
311651,120.26173
134361,120.175964
121670,120.17585
265761,120.168236
359602,120.12709
181658,120.09963
293765,120.054115
239116,119.97836
142645,119.90521
371697,119.75795
46813,119.74228
14660,119.419044
62016,119.17148
173486,119.15152
179841,119.14869
115757,119.09226
230134,118.90024
193308,118.83941
264185,118.81266
362223,118.57307
37059,118.56014
48885,118.53693
79559,118.40906
239353,118.38122
149356,118.206345
328876,118.17867
347776,117.76275
355250,117.60339
210974,117.53909
330540,117.33843
317960,117.06199
188683,116.98472
335792,116.886505
340874,116.67394
119402,116.64294
340745,116.61772
246585,116.53934
354077,116.19542
123567,116.135025
111000,116.13449
252999,116.12435
54040,116.08692
301878,115.95837
259944,115.789566
241516,115.6184
243557,115.482796
358620,115.444305
143523,115.35669
350492,115.31303
77369,115.24137
249458,115.23882
314159,115.19252
119855,115.06815
231133,115.05104
43930,115.0379
282290,114.9982
253047,114.96214
27876,114.93504
53374,114.93433
176301,114.763626
92736,114.606995
286967,114.60578
193851,114.57428
159191,114.41221
211014,114.3871
154208,114.27175
364158,114.1812
373427,114.15408
183401,114.13922
347093,114.138245
133599,114.11726
133765,114.05948
194491,114.02286
64566,114.011986
312866,113.922745
19035,113.83842
166211,113.82421
140575,113.80552
174400,113.60374
61550,113.53438
103765,113.52988
137517,113.51109
4554,113.49983
35805,113.44574
19193,113.33179
138828,113.22972
186606,113.22171
185407,113.15924
51602,113.1074
257412,113.07398
211023,113.07311
130047,113.069695
304165,113.007935
254120,113.00173
54705,112.94327
19121,112.81069
187552,112.634186
338567,112.57481
273260,112.5165
34831,112.50667
135144,112.45461
48761,112.44686
305275,112.33219
160334,112.12381
161934,112.11193
234820,112.0683
370849,112.06107
179518,112.04014
210414,112.012375
333281,111.99503
197796,111.94402
250780,111.885185
256452,111.80693
256550,111.80043
283090,111.78876
353086,111.69599
15715,111.655
43674,111.64671
142405,111.63318
246927,111.46802
150106,111.3966
342430,111.37228
294868,111.360435
91084,111.22759
246383,111.2269
55677,111.17905
182790,111.17454
285013,111.15671
328222,111.1559
40825,111.154594
176230,111.11385
345476,111.08871
89818,111.082245
103174,111.07635
210654,111.05969
244296,111.031006
28028,110.9764
362770,110.92838
338697,110.92703
44265,110.87695
322314,110.87512
20797,110.75383
273518,110.71494
157405,110.68133
343911,110.67546
196957,110.65941
275977,110.58782
249742,110.57471
282514,110.43168
221607,110.42171
143662,110.39093
52444,110.38156
28437,110.31281
39073,110.306465
215427,110.22298
209789,110.2069
182309,110.204926
131813,110.10528
259304,110.07981
36171,110.04797
81210,109.91035
181812,109.909676
15503,109.86093
360302,109.79791
194201,109.74832
243934,109.701195
192239,109.64551
263426,109.60731
43940,109.42166
117853,109.35351
334873,109.26835
269667,109.25402
155334,109.2006
124064,109.12056
194509,109.101746
167132,109.05949
79061,109.0568
366714,109.01234
208213,109.011856
80333,108.96017
146292,108.936356
263470,108.91294
177011,108.91288
182820,108.86417
138725,108.67161
269265,108.59007
223337,108.51499
83528,108.49616
167171,108.45928
356480,108.42308
197732,108.35977
137934,108.34855
357250,108.336365
187161,108.27064
247880,108.04961
135092,108.034836
130038,107.98397
324236,107.88154
353185,107.88061
277203,107.84357
303769,107.808395
205846,107.77209
355270,107.73277
60521,107.72701
28583,107.699936
82073,107.66965
295475,107.621475
252664,107.59912
349705,107.56855
364243,107.566284
215590,107.5629
299423,107.53853
31062,107.5328
114172,107.528595
133521,107.50907
206667,107.48576
289768,107.459885
202010,107.45425
357427,107.33857
260908,107.30169
264470,107.089966
223311,107.0643
330992,107.02409
190658,106.87532
88598,106.87481
123492,106.86799
152097,106.84875
98975,106.83178
320555,106.78485
45683,106.77722
151257,106.77327
203870,106.747856
278540,106.74784
78473,106.73597
277510,106.70043
179448,106.700165
320136,106.69267
272169,106.67647
180078,106.67351
301574,106.67033
234291,106.62598
280908,106.60661
360482,106.60595
172960,106.58253
249121,106.5678
89058,106.497665
203925,106.47913
346927,106.45046
252043,106.442764
356127,106.42923
293591,106.39019
68845,106.37472
231358,106.37042
10875,106.339386
108624,106.307846
328802,106.275024
137985,106.21765
161978,106.21608
179680,106.19581
199178,106.19032
95059,106.179985
250816,106.17879
283295,106.15623
85303,106.15215
32320,106.10027
41747,106.044876
246580,106.00153
356424,105.97115
160190,105.96782
375151,105.94125
175854,105.938736
195991,105.88621
78491,105.87391
24752,105.873695
323082,105.86593
40870,105.832306
171663,105.7517
204515,105.72503
48482,105.717186
44079,105.71593
372835,105.67337
92824,105.6597
361841,105.6355
219476,105.628456
229583,105.613335
127612,105.582344
345430,105.56497
146844,105.54793
178167,105.51533
41387,105.47354
228581,105.45944
264503,105.45162
228154,105.44677
361042,105.429695
35424,105.40964
332021,105.402756
45098,105.3692
290747,105.348236
199902,105.34635
370425,105.33962
193334,105.31215
113894,105.30886
234309,105.30391
242150,105.28325
41025,105.277534
354476,105.26673
171095,105.26066
152377,105.189835
152528,105.188416
283427,105.13989
21048,105.12119
54269,105.112015
223728,105.105225
292046,105.06278
167261,105.05498
13756,105.05292
153421,104.99856
58643,104.95019
244509,104.94288
19198,104.910034
26274,104.9037
350024,104.892075
16194,104.84405
48542,104.8421
215565,104.837814
307569,104.770485
35622,104.738556
279153,104.675316
363762,104.663605
149237,104.640976
175515,104.56272
60663,104.55594
151504,104.54992
273076,104.49395
173277,104.48019
32587,104.460526
148022,104.45423
304272,104.43582
208356,104.425476
191513,104.36692
27353,104.364876
195510,104.32453
304162,104.30173
307597,104.28641
253769,104.24913
311871,104.23507
320104,104.2166
302817,104.21469
95000,104.21252
76591,104.189644
257423,104.18565
52554,104.18249
77351,104.169975
282404,104.16656
160357,104.148926
183289,104.14853
138427,104.1473
35843,104.11582
364039,104.11203
99245,104.08104
153024,104.070816
284706,104.03691
306818,103.99403
255879,103.97291
359069,103.960884
51415,103.9257
180479,103.9198
306034,103.91533
219774,103.848785
229259,103.84229
336590,103.84226
322112,103.82111
375050,103.76624
291181,103.74617
57571,103.726265
286887,103.66938
92551,103.64167
274879,103.6002
162932,103.57599
117809,103.51224
166329,103.501396
229858,103.500404
257212,103.49869
104632,103.46852
274724,103.45812
112646,103.45256
72795,103.45251
232595,103.442696
61585,103.43811
36488,103.42253
122453,103.42033
29309,103.39633
148713,103.38809
214877,103.378105
231196,103.37124
186574,103.34022
213726,103.332466
192934,103.32816
315406,103.296165
332690,103.29111
294010,103.2834
127430,103.277725
321368,103.26872
185931,103.26311
245368,103.24451
305234,103.23669
135718,103.21945
48779,103.20736
303696,103.20736
336078,103.184616
268961,103.17195
192580,103.157715
356305,103.15453
157027,103.13882
322934,103.06125
48945,103.05903
139048,102.99769
283637,102.99159
193307,102.984825
136585,102.943474
208866,102.91578
202035,102.904686
273177,102.89657
208788,102.84886
169581,102.83501
314387,102.80096
273547,102.79446
110839,102.78677
112338,102.7811
335845,102.75835
222277,102.74204
176014,102.73651
253597,102.7307
96720,102.69036
60703,102.67294
368129,102.656815
46810,102.64874
155798,102.61283
373245,102.57655
151934,102.54697
94272,102.511856
264509,102.50153
252541,102.498344
29823,102.45311
339697,102.447716
324717,102.41677
88592,102.41382
369113,102.404106
114586,102.39286
280765,102.39082
152546,102.380325
181417,102.36829
142353,102.325195
161260,102.282715
65663,102.253365
237447,102.2529
45354,102.25189
84310,102.21417
10718,102.19644
283477,102.188805
51647,102.18791
168398,102.16119
315476,102.120995
278078,102.10592
44270,102.035355
302727,102.00923
218743,101.992165
294066,101.978134
350061,101.97422
143840,101.9734
134458,101.94423
25162,101.94417
58740,101.93163
192097,101.90628
266791,101.900024
175955,101.89559
279413,101.88855
56910,101.86057
284707,101.85112
41707,101.823
31169,101.81242
30299,101.80613
320569,101.79463
153793,101.78219
152698,101.765945
152906,101.75816
354260,101.74986
279940,101.7464
196696,101.7443
15604,101.74408
327956,101.69384
178586,101.67426
345908,101.662056
325321,101.65428
297064,101.62857
15714,101.59398
316099,101.58913
275135,101.57616
220919,101.5597
335469,101.55762
203844,101.53279
137527,101.5108
15641,101.49636
360355,101.493
321934,101.479
80921,101.445244
218935,101.4382
363265,101.43634
358072,101.43447
148920,101.389786
64844,101.36476
195464,101.35572
225717,101.35184
39618,101.324875
33756,101.31115
168888,101.27435
235225,101.274055
33482,101.267494
179637,101.214355
91009,101.20349
129405,101.17764
72529,101.17593
17240,101.16224
217231,101.15524
364150,101.14693
365705,101.13969
18680,101.12726
241178,101.10966
302843,101.100296
48230,101.0969
373318,101.09157
189203,101.08393
155812,101.079834
172866,101.073555
236813,101.02862
275435,101.028305
282261,101.02599
288418,101.01359
167229,100.995
15946,100.975296
142364,100.94571
195356,100.94514
343206,100.94298
240121,100.91921
226092,100.91779
51369,100.91242
32436,100.8849
4364,100.8713
370134,100.86031
275697,100.85826
258302,100.8438
323377,100.83954
45366,100.83362
120608,100.813736
44778,100.80991
215201,100.79438
284437,100.78069
239525,100.76579
159286,100.76221
361720,100.75655
332066,100.724976
248051,100.70574
136644,100.682816
95955,100.664986
229859,100.611565
325412,100.600876
301752,100.60032
159859,100.56331
35025,100.554115
167221,100.54303
368958,100.53367
133094,100.52484
137757,100.51636
488,100.496216
95178,100.4922
50282,100.4896
116348,100.484955
351155,100.482925
246680,100.47054
55177,100.47029
340881,100.45304
111602,100.44585
82570,100.44522
68411,100.42892
19021,100.4233
228597,100.42111
213512,100.418304
295984,100.41676
173591,100.403076
277355,100.40254
53558,100.39783
70640,100.394806
333413,100.37786
225204,100.36909
97981,100.35553
350082,100.35363
21215,100.346634
207786,100.33216
259901,100.32797
277348,100.318245
69448,100.31591
61013,100.22781
323200,100.21871
337082,100.21129
357111,100.20659
339164,100.19654
369,100.19288
271094,100.14961
209150,100.135284
117826,100.13142
194640,100.104164
178337,100.10013
212024,100.09606
178956,100.07738
193649,100.03405
49008,100.033066
138422,100.02896
297915,99.99749
305944,99.984215
180537,99.97447
249104,99.96176
255234,99.95872
26585,99.94553
74936,99.929985
15515,99.91691
320393,99.91553
84838,99.888054
259841,99.883675
195096,99.8693
286527,99.86196
257926,99.8448
20403,99.84331
358747,99.83992
274031,99.83026
159084,99.82745
231581,99.80199
29874,99.78913
24003,99.783455
173823,99.7441
265653,99.74358
29421,99.74291
245909,99.71543
12983,99.70499
283109,99.69547
65214,99.66842
52236,99.64956
107354,99.64812
337655,99.62844
98299,99.626335
288768,99.615616
290560,99.60816
253399,99.602356
346433,99.579216
82902,99.56941
37885,99.56673
91980,99.5612
56831,99.508125
50594,99.48913
35392,99.487785
231601,99.48403
367196,99.479095
341399,99.46565
97047,99.436226
325121,99.43169
245880,99.425674
206871,99.4211
226467,99.41828
323471,99.39444
95610,99.39081
106552,99.38827
44520,99.387596
91487,99.38589
175797,99.38294
242363,99.3658
57547,99.34322
177750,99.296776
197256,99.29545
51949,99.29303
13626,99.28299
363834,99.27692
271103,99.26371
306318,99.24419
247683,99.218765
302726,99.202286
47902,99.1948
227448,99.1862
179070,99.17747
270816,99.17551
358913,99.15808
207559,99.142166
101500,99.129944
114662,99.12818
168176,99.12238
41492,99.10703
236902,99.10441
83258,99.0877
104387,99.071
285830,99.06921
301589,99.059204
229903,99.059166
91325,99.0543
307382,99.05082
245555,99.03585
97219,99.03547
122763,99.03133
15159,99.0208
22775,99.0208
351512,99.01512
341546,99.003265
167050,98.99834
177269,98.99068
223285,98.98851
104367,98.98208
292715,98.98009
208965,98.97867
148169,98.957726
231369,98.95164
320774,98.94149
318809,98.93916
73310,98.933304
14965,98.92742
161972,98.91463
41851,98.90855
284972,98.906876
35696,98.90654
163970,98.90063
108859,98.89817
54928,98.89812
148356,98.88463
295621,98.8799
161576,98.86492
12691,98.86433
161120,98.82915
360119,98.823555
316541,98.82208
269390,98.79928
343989,98.79778
229608,98.7951
226301,98.79099
363394,98.78809
212179,98.778076
333725,98.77106
241773,98.76299
206879,98.750824
179646,98.732956
355037,98.73103
243238,98.72007
41874,98.7171
153841,98.715324
201695,98.706436
109139,98.66209
32826,98.647484
277877,98.64696
85779,98.602356
190904,98.59859
291995,98.58731
115533,98.58625
281438,98.58129
251821,98.57788
109511,98.57258
113293,98.570274
272430,98.559204
232485,98.55121
130472,98.55095
318217,98.52023
121427,98.49425
43171,98.47552
95671,98.47075
169261,98.468254
18318,98.46046
215620,98.426414
177621,98.42337
250128,98.37388
274635,98.36611
204675,98.36133
213149,98.35836
305046,98.35116
305960,98.34683
274295,98.33059
162628,98.33039
349213,98.32894
190363,98.32746
255278,98.32715
271930,98.32394
29723,98.32308
360342,98.32092
296023,98.320274
166816,98.30826
241117,98.29921
288153,98.29009
364706,98.28275
334225,98.27617
207172,98.26085
182735,98.25617
347767,98.25021
215370,98.249695
106630,98.23807
284715,98.21535
333099,98.19219
367034,98.18516
4755,98.17925
87355,98.12563
351740,98.11535
141715,98.066864
247959,98.05561
247015,98.03184
359783,98.02548
32278,98.01383
206855,97.99917
33149,97.999115
143204,97.98999
26055,97.97534
168501,97.96683
186309,97.965034
253741,97.95974
207345,97.95837
363641,97.94163
338204,97.93716
21878,97.93063
365475,97.90347
232850,97.889305
5339,97.872696
321712,97.86225
88765,97.85953
140410,97.85074
181123,97.845535
204442,97.840034
221396,97.83869
28809,97.836266
257883,97.8074
330511,97.796974
346832,97.79411
326015,97.79073
314971,97.790596
215627,97.783264
154438,97.76705
108259,97.7657
189264,97.73241
338024,97.729515
363740,97.70125
7729,97.6993
324993,97.69
63223,97.68258
287553,97.678604
90827,97.67334
23967,97.66572
149394,97.62202
62664,97.60896
4321,97.60482
70617,97.60395
208819,97.59053
41852,97.577
203006,97.56747
362958,97.51478
107734,97.50872
280651,97.497856
218380,97.49258
272882,97.4858
173294,97.48405
108998,97.478874
225320,97.467926
348090,97.46177
138026,97.452515
218052,97.44641
241171,97.443275
360636,97.43895
111654,97.43756
42033,97.435455
278675,97.4351
6367,97.43418
363796,97.42929
41678,97.42718
196135,97.418846
325386,97.41647
204739,97.40514
368887,97.398834
286366,97.36968
65079,97.367065
100812,97.35874
48264,97.35371
44489,97.35076
361273,97.34839
170537,97.34053
253606,97.34004
140233,97.33665
161091,97.33383
374587,97.329025
245367,97.32243
188870,97.30925
312410,97.3027
101468,97.29824
290357,97.28277
66553,97.27791
266167,97.27505
145414,97.26755
218295,97.264854
165009,97.261246
326026,97.256386
324250,97.249825
197860,97.23741
316060,97.23451
38640,97.20972
102290,97.18768
245419,97.18258
88769,97.18252
144998,97.16543
327603,97.16118
120489,97.142395
332445,97.14225
295875,97.13517
222454,97.124985
181103,97.118225
318016,97.11582
200227,97.10837
350589,97.10396
204094,97.100494
28631,97.07245
237053,97.060165
120368,97.05913
290756,97.05811
344599,97.05777
265885,97.047134
355965,97.04573
188315,97.03984
224739,97.02928
14365,97.028
217935,97.02321
82824,97.01105
194186,97.010895
138175,97.00026
29983,96.9771
294669,96.96573
100029,96.96038
301316,96.95858
30702,96.95619
107676,96.94578
279123,96.927986
218277,96.92259
120969,96.92157
358794,96.91324
312168,96.909515
374701,96.90099
116032,96.89011
350,96.88539
148235,96.880295
137110,96.87846
297960,96.87
215528,96.852684
338369,96.84
364278,96.84
6289,96.83664
329923,96.830086
267793,96.82488
130203,96.82319
207851,96.8194
156340,96.81673
111570,96.81154
26574,96.797676
245572,96.7968
250495,96.79418
42789,96.79122
267997,96.789696
162487,96.78815
203538,96.78569
283070,96.785286
330615,96.78521
336189,96.78477
143363,96.78322
92261,96.74905
19115,96.74768
316315,96.73543
133335,96.72302
120509,96.72018
64051,96.71276
256264,96.69743
242496,96.69238
74673,96.6802
362470,96.625114
129933,96.624916
165860,96.61914
40281,96.562744
76223,96.54855
332743,96.54421
103603,96.52647
267258,96.52061
152374,96.50958
176866,96.50332
264063,96.479485
286103,96.479485
302312,96.479485
178442,96.471596
220281,96.45803
145805,96.45612
281949,96.439125
23788,96.437035
330716,96.42331
125761,96.42299
336772,96.41595
197243,96.40529
92786,96.39974
18156,96.397766
230811,96.39452
7882,96.394104
32906,96.38857
332390,96.38773
184011,96.38751
172478,96.381966
40517,96.379845
198142,96.37464
16914,96.37271
325115,96.36606
356198,96.36489
247994,96.330315
16185,96.30966
357260,96.30088
227494,96.2871
10906,96.249886
342450,96.23707
309852,96.23218
331620,96.22903
13856,96.21135
141812,96.19924
308119,96.197525
317014,96.19313
4224,96.19128
97322,96.18794
222500,96.1871
174351,96.18051
106916,96.17385
226348,96.16903
36551,96.15184
147549,96.14973
198846,96.14714
123612,96.147064
316331,96.14597
66926,96.14095
58196,96.13811
176323,96.12382
188257,96.11776
339877,96.11238
253037,96.108376
15181,96.103775
101823,96.10047
176741,96.0683
184576,96.054276
322853,96.03671
23074,96.03474
39587,96.02738
375026,96.003075
348088,95.99946
238716,95.97164
53922,95.964554
16798,95.963425
39318,95.89805
269355,95.886314
357351,95.88118
27877,95.865166
157124,95.85655
44487,95.82657
32691,95.82347
217887,95.818695
338367,95.80733
288721,95.79272
82204,95.784355
310253,95.77623
60441,95.76172
316203,95.743835
171052,95.74166
31406,95.71329
283096,95.7069
39131,95.70523
203699,95.702995
102312,95.682655
352803,95.671555
280249,95.66174
35307,95.65168
156836,95.6465
250168,95.64071
80623,95.63185
56520,95.62693
62303,95.62129
67453,95.6204
13639,95.606865
22077,95.6012
212232,95.59925
162816,95.598854
71258,95.59884
55639,95.59155
137277,95.583206
283984,95.57697
303257,95.57516
198009,95.5694
55541,95.56008
247946,95.55981
11036,95.55176
173274,95.551285
140043,95.549385
360510,95.54245
342536,95.54148
43916,95.5381
17463,95.53602
265237,95.52581
198071,95.52194
296526,95.51317
24805,95.511795
40716,95.50973
157092,95.506676
351020,95.49377
2506,95.49058
125213,95.47503
122894,95.46584
191183,95.455635
43801,95.44938
118444,95.44106
158672,95.42301
35820,95.405975
226557,95.40346
168297,95.402016
311118,95.39894
18126,95.3776
340357,95.37574
284873,95.356674
78522,95.349266
312642,95.347824
135300,95.340965
137972,95.335594
231734,95.32738
9690,95.3166
312007,95.31378
158012,95.309296
353345,95.29034
342355,95.28417
346350,95.27412
162539,95.27233
138861,95.27214
259182,95.27105
164152,95.25755
196125,95.255005
342968,95.25373
252178,95.24079
231403,95.227974
37944,95.22618
117610,95.22401
20150,95.22031
288172,95.22012
92984,95.21669
360338,95.204346
355269,95.19831
45298,95.18507
352220,95.18426
261650,95.17116
334673,95.15031
233147,95.14864
55526,95.144966
196581,95.12797
7873,95.125565
271702,95.117325
344873,95.09395
185117,95.088615
66516,95.08782
259280,95.083885
371373,95.077034
152488,95.06457
368769,95.040436
189677,95.0345
177566,95.03174
357739,95.02606
182876,95.02371
230565,95.019806
32025,95.00297
289379,95.001564
137773,94.99821
283712,94.989586
21815,94.985504
14624,94.964226
112072,94.95858
318091,94.946785
162012,94.93583
347979,94.92932
103341,94.9206
99812,94.91475
48380,94.90844
276121,94.90455
171533,94.89483
226105,94.88891
173536,94.8867
147801,94.88612
33575,94.88553
18508,94.878944
145925,94.87562
240289,94.86173
195141,94.858574
188109,94.85648
361654,94.84888
39129,94.83739
278004,94.81322
264194,94.811325
282166,94.7996
132809,94.79391
241227,94.79354
55382,94.79215
247467,94.79081
4684,94.780624
251966,94.77984
287089,94.77881
195342,94.77659
126760,94.7764
273747,94.77437
257603,94.773026
152064,94.76943
11413,94.763626
260367,94.76226
34430,94.75828
37219,94.75707
109472,94.754135
195830,94.75064
374049,94.74527
222096,94.741035
13816,94.735176
37170,94.732605
211967,94.731865
279671,94.72856
371061,94.72569
226003,94.71912
293624,94.71268
100124,94.71006
157106,94.705185
328767,94.70388
99440,94.69711
274884,94.68446
144177,94.68134
56104,94.677376
62238,94.67112
51781,94.66524
2363,94.641205
339663,94.63775
35407,94.632835
234026,94.63221
28976,94.62213
353192,94.61976
276413,94.616325
148400,94.615875
180581,94.61569
247115,94.61493
358353,94.61335
33105,94.601425
349743,94.58534
298251,94.58167
36437,94.573555
74378,94.56497
142691,94.55041
242432,94.54151
310908,94.53358
283544,94.50203
210748,94.498405
40139,94.48438
53830,94.4697
236709,94.45675
262214,94.4526
144387,94.434685
227181,94.426315
93875,94.42568
198462,94.424324
342909,94.41858
107186,94.39796
85662,94.39737
153690,94.39545
174682,94.394066
338573,94.39285
321235,94.39239
179361,94.38856
254900,94.38741
232039,94.382904
312882,94.37533
80983,94.37171
325225,94.365265
281848,94.34979
327199,94.34928
312556,94.348366
68154,94.345276
39669,94.34339
8510,94.33725
347460,94.33667
90898,94.33117
373297,94.320724
21277,94.31144
205489,94.31086
19653,94.30832
296174,94.304985
49065,94.30496
359684,94.29735
356634,94.28914
286480,94.27335
202070,94.271286
120231,94.26644
67191,94.24804
284859,94.24778
27729,94.246735
180886,94.22611
149395,94.21003
268299,94.196686
41493,94.1931
192991,94.19057
364169,94.18525
115832,94.185036
20456,94.18298
103880,94.18067
374594,94.170876
239587,94.165985
141299,94.162796
4267,94.162674
272934,94.156425
195291,94.14155
137105,94.13063
370482,94.12647
105094,94.111404
199132,94.10543
111823,94.09569
318669,94.08637
277530,94.074135
307952,94.063934
305582,94.05421
223578,94.052864
152858,94.049385
161884,94.04199
132103,94.0313
334685,94.03026
214009,94.01981
90378,94.019585
183693,94.017296
167870,94.01425
372487,94.009605
55024,94.00043
310824,93.99189
373463,93.979576
9190,93.97917
127666,93.97264
361539,93.96502
43642,93.96047
3833,93.95489
245739,93.9403
364338,93.93796
218948,93.92979
298540,93.91646
345330,93.90772
152333,93.89438
158855,93.889534
369957,93.88421
42397,93.88355
38755,93.88219
36679,93.88121
246178,93.87439
315429,93.86672
9752,93.86021
330246,93.85093
71121,93.84839
306585,93.84792
55203,93.84363
334705,93.83741
244781,93.83495
109538,93.833466
322942,93.82948
249429,93.82371
60606,93.81475
340233,93.802444
104058,93.797966
179835,93.797424
165649,93.78929
133391,93.78926
131208,93.763855
334154,93.76196
36654,93.75901
327752,93.752815
91497,93.75222
25840,93.75166
242125,93.75094
165617,93.73746
83283,93.73523
255342,93.73286
236429,93.73053
266347,93.72142
39906,93.71764
257315,93.71281
154330,93.71156
337126,93.70984
28244,93.69963
318457,93.69729
139213,93.69526
117206,93.673584
138646,93.66487
220235,93.65598
14213,93.65107
185374,93.62988
178158,93.60783
187532,93.60255
160265,93.593376
231594,93.575195
244007,93.567314
329621,93.560745
372162,93.5536
6790,93.55274
282003,93.53785
266505,93.53757
183473,93.53691
62177,93.53689
167019,93.53427
121404,93.53085
26040,93.51739
212156,93.51383
282959,93.508835
162649,93.50731
171152,93.50602
257667,93.49301
253887,93.48833
259337,93.45827
236175,93.45172
323381,93.44835
80216,93.40998
292701,93.409935
13258,93.39982
346911,93.39877
184955,93.39831
281138,93.39526
332437,93.39184
180162,93.38826
233497,93.38045
66096,93.36862
251939,93.35691
17731,93.35274
157290,93.348854
2697,93.343575
358052,93.34151
173776,93.33635
52574,93.33463
210829,93.33191
330356,93.32917
165374,93.32614
4297,93.32229
244572,93.31829
326407,93.31787
11243,93.31559
237670,93.31471
366263,93.31471
114664,93.31267
208686,93.30166
15138,93.29018
325602,93.28663
38263,93.277145
353533,93.26663
28060,93.266335
133464,93.23967
52977,93.23615
356645,93.230064
193413,93.22778
365808,93.21734
133027,93.21193
190042,93.20265
183895,93.20228
271864,93.19849
361289,93.19645
24691,93.1901
13832,93.18659
77284,93.18654
214680,93.17983
297890,93.1651
164466,93.15467
159650,93.1488
294060,93.130196
346746,93.12469
245975,93.1177
283747,93.101715
172504,93.09859
22370,93.09492
164237,93.09111
278735,93.08366
197620,93.08033
163165,93.077896
80659,93.0664
260117,93.061104
291097,93.05691
27721,93.04482
186441,93.042336
72452,93.04026
145546,93.024124
127758,93.024
4230,93.0239
267927,93.02261
69896,93.020256
297653,93.011566
323983,93.00421
132534,93.0034
204694,93.00275
177623,92.99929
50669,92.99422
328103,92.99313
316080,92.97229
361202,92.957954
79287,92.95606
324530,92.94992
311605,92.94942
37559,92.94797
187090,92.938484
49276,92.93808
100804,92.93287
185257,92.9288
4325,92.91511
255533,92.90709
245583,92.87869
291981,92.87815
170071,92.877556
65704,92.87441
283686,92.87219
118203,92.86836
7274,92.866394
246008,92.85307
267020,92.84845
289489,92.8464
4662,92.84474
30987,92.844376
309636,92.84437
326014,92.840935
176792,92.83455
186887,92.81816
342388,92.81654
99169,92.814705
132602,92.810265
92340,92.80399
253719,92.80395
183937,92.802185
350467,92.79314
364230,92.79229
28434,92.79058
28061,92.786194
17657,92.78497
188991,92.78219
206861,92.78157
304993,92.776505
157344,92.77168
340825,92.769
53457,92.74327
356860,92.738045
160779,92.73379
14290,92.723366
196584,92.722496
130092,92.709145
227190,92.70675
277702,92.68596
276980,92.6837
298570,92.68125
328335,92.676476
105670,92.67587
80523,92.67199
337,92.66338
78112,92.645996
311929,92.63937
295963,92.63658
147620,92.63637
129677,92.62181
71332,92.60735
145053,92.595024
344776,92.58761
41593,92.57709
164292,92.57259
341870,92.572426
373007,92.57012
361201,92.559265
72860,92.5457
185278,92.544235
69080,92.53849
36325,92.53702
258398,92.529625
102560,92.5271
302553,92.522415
238309,92.51896
302324,92.518105
284272,92.50884
266771,92.505516
281590,92.5055
221752,92.49634
206264,92.49582
44958,92.48987
285288,92.48493
316885,92.48046
271138,92.46201
19592,92.45423
129489,92.44817
164578,92.44653
144772,92.44539
306267,92.44028
201541,92.43306
75141,92.430664
254444,92.42256
310919,92.40831
234297,92.404686
46712,92.4023
301881,92.40014
237812,92.40004
290200,92.39806
344834,92.389465
56456,92.38581
203619,92.37308
252186,92.37287
191001,92.3687
190882,92.363914
26364,92.36268
281371,92.3616
120306,92.35151
23961,92.34838
15180,92.343185
90002,92.3428
14084,92.33458
128525,92.33094
47317,92.309425
21857,92.30864
231276,92.30405
191147,92.30365
204642,92.30151
122642,92.30058
83418,92.256874
230233,92.24758
21710,92.24724
165380,92.24218
210072,92.240524
222527,92.223305
215153,92.21186
209902,92.20382
21497,92.200325
43038,92.198265
38884,92.19449
115159,92.189224
330185,92.15308
66313,92.152306
176042,92.14868
170607,92.14639
16163,92.14401
320173,92.143524
182962,92.135765
80091,92.12949
363183,92.12885
20465,92.127716
129175,92.12287
251151,92.11892
315780,92.11696
247067,92.114746
273026,92.1035
234715,92.08579
333389,92.07904
218302,92.06947
270587,92.05205
101107,92.04782
143809,92.04438
209141,92.03786
68698,92.03754
304215,92.02883
68418,92.02467
108272,92.023
321628,92.00094
38626,91.99879
244483,91.98807
47870,91.96474
25493,91.96279
239502,91.95288
15717,91.9487
272845,91.947685
29163,91.943405
187299,91.94228
29990,91.940445
370305,91.940056
93438,91.928535
247639,91.926765
284346,91.92376
313257,91.92143
126968,91.92091
193076,91.91013
28989,91.909805
76890,91.89838
145481,91.88902
88358,91.878494
42655,91.877045
227240,91.85777
168228,91.85735
40117,91.85602
42799,91.855
326311,91.843315
210088,91.8398
84831,91.82056
75413,91.81756
81535,91.81527
31311,91.81142
39279,91.80707
241115,91.79819
21056,91.79638
154872,91.79323
89463,91.789406
303338,91.78014
18524,91.77892
346820,91.77502
92936,91.77068
170523,91.75502
39608,91.75243
60004,91.73732
141808,91.73574
139806,91.731705
138695,91.72134
289413,91.71946
38753,91.71491
134954,91.71207
68405,91.70637
183343,91.70126
320816,91.69488
12883,91.69238
146240,91.68602
256220,91.68059
70888,91.67983
9415,91.65944
4335,91.64802
136042,91.64791
262847,91.6222
251204,91.61461
286030,91.61401
80211,91.612816
77906,91.6128
139112,91.591225
366799,91.58739
35107,91.584564
233945,91.58171
335517,91.57927
126945,91.577934
104052,91.57598
229672,91.574554
375042,91.57338
83360,91.572136
285156,91.56679
12091,91.559074
155303,91.55273
111577,91.53768
216918,91.53642
29542,91.528725
299449,91.52515
331079,91.52495
90034,91.5243
197266,91.50749
2152,91.50712
94688,91.49703
101568,91.495804
229433,91.49042
311647,91.49002
38992,91.48462
94385,91.48131
223552,91.47531
231568,91.47375
41444,91.47043
21362,91.46693
288182,91.46414
21879,91.463196
188451,91.4621
129518,91.4577
47112,91.45479
45127,91.446465
36549,91.44639
230692,91.44612
46941,91.43998
121124,91.42929
252826,91.41688
209162,91.41523
175030,91.411316
150744,91.409355
313401,91.403435
263299,91.3892
340,91.38684
223105,91.38547
176750,91.38257
280469,91.380295
42516,91.37137
153416,91.366455
316396,91.364876
330779,91.361
49733,91.35905
188632,91.35755
85082,91.35543
12034,91.35071
302822,91.34981
6242,91.342125
238523,91.32944
100886,91.31491
163741,91.3073
300052,91.301094
128634,91.29756
90344,91.29642
263881,91.29321
26143,91.28971
6942,91.28514
320061,91.284676
145596,91.27847
83279,91.27141
354080,91.26966
115783,91.26932
209903,91.26835
42607,91.260605
115773,91.25753
306268,91.2554
167412,91.254265
358298,91.250565
268350,91.238174
199645,91.23195
67087,91.22549
245772,91.21254
199075,91.20444
16498,91.19968
165129,91.19686
160794,91.185776
279783,91.1757
42431,91.17473
304977,91.174324
89045,91.160065
56540,91.15048
336104,91.14386
40507,91.14266
273385,91.11806
141627,91.10136
59303,91.09996
28498,91.096664
338672,91.0955
83412,91.09041
15302,91.077675
338105,91.06876
169692,91.06705
344768,91.061066
157598,91.06065
298488,91.059975
232022,91.056526
8850,91.052124
250280,91.05061
350742,91.04932
351567,91.04918
43802,91.048904
230460,91.0477
118727,91.04358
58169,91.04178
165363,91.03028
162740,91.02086
104891,91.01952
42408,91.011536
113204,91.00985
311945,90.998695
192733,90.99637
167392,90.994965
203067,90.99346
326460,90.99274
202118,90.989395
123322,90.98902
199477,90.98537
195350,90.98492
30463,90.9746
69858,90.96385
23669,90.963776
317413,90.96343
361835,90.95689
63559,90.95482
264268,90.9537
206686,90.95191
4571,90.95184
323861,90.94675
276167,90.94393
99783,90.94371
262082,90.93724
284890,90.93636
155577,90.93546
182610,90.93098
8318,90.93096
300639,90.92727
12227,90.92401
54015,90.911804
233270,90.90752
252905,90.87008
183316,90.86521
145915,90.86148
338201,90.84733
250118,90.8421
215969,90.84099
361388,90.83978
124925,90.83641
119336,90.828
67973,90.82378
215689,90.79477
78434,90.79226
5552,90.791954
168467,90.79151
194969,90.789444
190789,90.78724
142136,90.77578
259684,90.77251
188403,90.767395
191015,90.76345
245164,90.74844
371837,90.74712
161700,90.746414
277536,90.74123
296801,90.740135
358924,90.7367
226255,90.732796
7034,90.724655
53420,90.716675
162359,90.71452
220556,90.71392
49188,90.70863
356636,90.70476
321284,90.70393
236720,90.69979
355184,90.69698
303103,90.69435
10728,90.68927
27340,90.683464
310291,90.67775
180236,90.674576
492,90.67041
348635,90.6684
193540,90.65975
270495,90.65749
98133,90.656334
108655,90.65633
315727,90.65113
248516,90.64654
41798,90.640205
143063,90.626884
139354,90.622826
3639,90.62204
77592,90.61971
273215,90.61575
197185,90.61347
159163,90.6079
373021,90.60268
74585,90.60021
351007,90.59308
310023,90.59085
131476,90.59032
273628,90.590294
123092,90.58666
262465,90.585884
215256,90.580536
197270,90.57161
133270,90.56599
28819,90.55045
318975,90.5432
229100,90.53731
219877,90.53654
263680,90.534424
164748,90.534164
207197,90.50784
323657,90.507385
108665,90.505615
95962,90.493546
395,90.48864
161018,90.48463
237663,90.482285
4245,90.48047
124211,90.47148
263255,90.46607
180593,90.46198
19030,90.45943
344859,90.45845
112357,90.45579
221488,90.45499
46363,90.45483
239765,90.453384
40550,90.44922
104795,90.44528
173241,90.443
287965,90.437775
245315,90.43499
205904,90.43372
142501,90.42328
307940,90.42192
281141,90.41437
210936,90.412575
75260,90.39991
239469,90.39057
65753,90.38325
229299,90.37751
150171,90.37336
336953,90.355545
39611,90.354225
42622,90.35272
277917,90.35026
16915,90.33292
12708,90.33256
263694,90.33149
222341,90.32965
127570,90.32957
62706,90.32764
187790,90.3259
216855,90.3259
239646,90.32577
108511,90.31523
147946,90.31502
334675,90.31064
290735,90.30264
64146,90.295746
221998,90.28336
306190,90.27929
340215,90.27551
33008,90.27511
196745,90.26866
251634,90.263275
89328,90.26254
30488,90.25735
160645,90.24358
351891,90.240074
74977,90.234566
269567,90.21678
42426,90.20831
184024,90.199356
134773,90.18777
42429,90.181175
75795,90.17871
44553,90.178215
270758,90.17559
297767,90.17435
346147,90.173775
217707,90.16757
104040,90.156296
63176,90.153885
143082,90.15119
365476,90.15084
346205,90.14763
250830,90.14464
58561,90.14159
189935,90.14125
21969,90.13526
217011,90.1334
59133,90.132034
266377,90.13168
147870,90.12241
303345,90.12116
94181,90.11595
168986,90.11311
185364,90.11169
311553,90.10743
323307,90.101204
25304,90.099335
78891,90.09802
15520,90.0949
374186,90.07646
146073,90.07156
211634,90.06812
174954,90.0676
262148,90.066765
282144,90.06568
358655,90.05973
140580,90.05161
87506,90.0504
302422,90.04775
200836,90.04759
215827,90.046906
200518,90.03868
173414,90.034256
273277,90.02836
320648,90.02836
344945,90.026695
178118,90.02223
258535,90.01241
14775,90.01188
4277,90.01145
30586,90.01104
118140,90.01053
320032,89.99983
358153,89.99435
238414,89.990326
47420,89.98343
15818,89.97911
33406,89.97563
152199,89.972435
68684,89.96669
201810,89.96297
321820,89.94475
218330,89.93852
10938,89.93495
196294,89.93405
357740,89.93046
192420,89.92868
199258,89.9232
33264,89.91895
265838,89.91871
103419,89.913506
229277,89.90838
27335,89.90666
100223,89.90205
351349,89.90145
171914,89.901245
319669,89.890625
207867,89.885376
302089,89.86883
93043,89.867226
48872,89.86554
182583,89.86383
182079,89.86356
194156,89.859604
339566,89.85415
65152,89.84812
174676,89.83912
361678,89.837036
280287,89.82783
171012,89.82027
304583,89.81955
261924,89.81245
225354,89.80362
245489,89.8029
319341,89.80283
138860,89.800514
283062,89.7986
15006,89.79129
196566,89.7871
208286,89.776665
205283,89.77162
225910,89.76961
285585,89.76589
185288,89.76074
247164,89.758286
160511,89.757774
83843,89.75693
114371,89.75577
208121,89.751076
164299,89.74946
345189,89.74355
252198,89.741776
328072,89.740395
368444,89.737015
318518,89.71841
210018,89.71152
155879,89.70387
373992,89.70104
99875,89.69825
124427,89.69784
59803,89.69476
2238,89.69436
226251,89.69118
45713,89.68722
222799,89.68268
108912,89.677734
103175,89.676
270112,89.6748
28314,89.668816
184865,89.667786
369684,89.666595
84235,89.66283
375115,89.65989
16048,89.65753
220415,89.6508
115749,89.64573
244548,89.64096
333993,89.636475
362355,89.636314
87084,89.63361
293319,89.63016
360136,89.62589
181650,89.625496
237793,89.62224
369750,89.614586
46786,89.61418
308899,89.61343
35931,89.61281
329917,89.61101
271691,89.608894
14803,89.599686
2391,89.598305
22930,89.59795
142684,89.59789
289797,89.5978
125872,89.59624
156188,89.59096
185835,89.58733
84309,89.58639
339466,89.58226
166692,89.57844
229954,89.57742
290603,89.57387
92947,89.56919
13912,89.56683
268278,89.565956
25914,89.56244
316714,89.56231
198213,89.551186
169081,89.55041
244834,89.544556
328444,89.54392
108329,89.54123
326955,89.54099
77342,89.53405
142745,89.53152
209713,89.523865
196564,89.52152
56544,89.517914
324352,89.51476
14144,89.501205
100499,89.499565
158082,89.49624
37780,89.49077
202873,89.47748
30885,89.473404
186462,89.47105
19922,89.46969
169867,89.467964
210954,89.46517
206987,89.45267
46039,89.44842
63505,89.44524
88791,89.44038
276287,89.43537
39528,89.4353
198419,89.42982
250151,89.42757
192753,89.42209
60340,89.420265
119284,89.41939
31092,89.418846
181212,89.40492
37402,89.39825
223120,89.38603
126802,89.385574
360007,89.37909
117504,89.37683
170410,89.37679
338410,89.3736
195863,89.37333
278020,89.372604
80616,89.36436
108408,89.36312
278027,89.357414
233528,89.35716
273511,89.356705
89921,89.355804
47867,89.35186
247911,89.34836
368767,89.338745
292022,89.33773
197964,89.328255
179334,89.32793
167387,89.32428
314460,89.32369
84220,89.32265
598,89.29991
343373,89.2949
186087,89.29462
40335,89.29223
199910,89.28235
2280,89.27637
181478,89.26605
337121,89.259834
153636,89.254425
161495,89.25192
218458,89.24965
175235,89.24407
279301,89.24261
165517,89.23836
290045,89.22034
241920,89.2202
182582,89.219086
48764,89.21498
364512,89.21307
320541,89.21111
350048,89.20764
216145,89.207306
81926,89.20709
326975,89.20661
188471,89.20599
5179,89.20547
183734,89.204506
357609,89.200035
4281,89.195816
37456,89.19446
29941,89.19123
175566,89.19112
168709,89.18259
167453,89.17378
329443,89.172195
188665,89.17001
257376,89.16692
334138,89.166855
180059,89.147385
332901,89.141655
15628,89.14036
99203,89.13877
355750,89.13274
81021,89.12837
149579,89.12728
297529,89.12336
366642,89.11571
163071,89.11291
287649,89.0985
93366,89.09245
322351,89.089264
237894,89.085266
244055,89.08412
189775,89.08225
355898,89.08142
351276,89.07888
72900,89.078636
195975,89.07773
340183,89.07319
194689,89.06538
4299,89.06318
283133,89.06011
176284,89.0538
200424,89.05099
277967,89.04941
166893,89.04615
350420,89.04193
147521,89.04053
23585,89.03957
188099,89.03827
50178,89.034966
5744,89.03042
372465,89.02908
141947,89.02267
188925,89.021324
47734,89.021095
157644,89.005394
89444,88.98772
173803,88.98764
284596,88.98049
237600,88.98023
287325,88.97495
80161,88.97424
375341,88.95984
32818,88.95893
35682,88.95208
314974,88.94708
243744,88.94202
343720,88.94001
326846,88.93434
268012,88.9343
335934,88.93423
90256,88.92903
74799,88.92513
257575,88.91839
179080,88.91673
210789,88.9158
41954,88.91257
24577,88.90677
266056,88.901436
19981,88.90006
10343,88.89347
76128,88.89302
233611,88.89245
114057,88.89054
329560,88.889565
138638,88.88636
228669,88.88614
42120,88.88066
60748,88.87621
6995,88.86957
42186,88.86492
52038,88.86162
114416,88.85426
167045,88.85235
209346,88.84726
96368,88.84346
264296,88.8434
341094,88.83783
36627,88.8359
285294,88.83479
75345,88.82899
192619,88.82098
253069,88.82035
374965,88.8192
289897,88.81532
156346,88.81355
41580,88.81015
347444,88.803215
185127,88.79529
5587,88.79521
278562,88.79483
353388,88.786674
63467,88.781334
193616,88.78129
224534,88.77979
238490,88.77784
227695,88.77239
183709,88.76672
316927,88.76648
258546,88.76511
287967,88.75537
328329,88.754974
43781,88.750275
193834,88.7462
246212,88.73653
253867,88.72983
212402,88.71802
262903,88.711
171909,88.70736
351268,88.70204
33618,88.70087
132945,88.70061
36100,88.69953
206952,88.6979
32475,88.69701
164607,88.68609
249178,88.68578
215611,88.68456
357253,88.682304
282005,88.673065
130232,88.66688
63378,88.666084
362418,88.65791
247036,88.65703
236697,88.656364
91503,88.65284
129597,88.651276
91146,88.649574
217440,88.643776
178895,88.64372
100031,88.643425
27385,88.64266
268718,88.63952
40407,88.636475
274224,88.63453
44980,88.62892
7153,88.604164
28539,88.60069
196199,88.59764
337533,88.588005
44969,88.58419
208619,88.58302
35231,88.58232
6694,88.58002
13775,88.57278
352992,88.57171
104625,88.5706
316846,88.56828
144809,88.56463
317511,88.559555
115456,88.55891
144959,88.55717
295173,88.55619
58618,88.555504
16571,88.55522
108929,88.55376
282063,88.553055
4367,88.550064
82728,88.547646
200146,88.54537
322346,88.529915
340379,88.5293
201109,88.52727
184750,88.52159
45635,88.51617
267223,88.51192
199443,88.509186
28880,88.50766
11590,88.5074
289305,88.505486
333770,88.50071
24057,88.50047
287500,88.49987
367787,88.49543
7782,88.492035
325567,88.49179
126589,88.49011
260626,88.48885
298506,88.484856
292334,88.48154
190720,88.48135
237732,88.47418
83808,88.47131
266740,88.47102
138111,88.47085
51297,88.467804
185116,88.466965
98845,88.464264
234440,88.46115
94169,88.45833
65854,88.45671
104761,88.454346
90806,88.45121
182570,88.450386
155106,88.44297
102525,88.4382
362543,88.434456
191464,88.41811
26042,88.41354
135910,88.40733
255250,88.40731
197815,88.40091
239654,88.39975
175183,88.395744
356654,88.395096
181109,88.39287
372717,88.38918
191614,88.38829
217951,88.38281
122354,88.37681
205528,88.37522
224837,88.3719
100788,88.37163
151220,88.368385
368179,88.36806
108971,88.35806
287374,88.35741
34417,88.35603
356749,88.3422
370659,88.34032
341314,88.33385
126897,88.325226
370328,88.32095
35998,88.31852
51363,88.317764
319569,88.317116
282527,88.3133
308028,88.31298
340139,88.31119
4314,88.3101
290579,88.30675
339748,88.30258
312407,88.2892
155586,88.279755
232726,88.27844
371240,88.27813
372621,88.275314
281198,88.27499
168179,88.27378
58886,88.26667
368330,88.261696
69874,88.25996
144650,88.255455
353532,88.25438
356880,88.251564
69089,88.24109
325298,88.23955
307055,88.23792
354211,88.23554
233327,88.2348
192863,88.22821
307836,88.22777
162084,88.215385
116727,88.21469
55440,88.20222
101847,88.20081
196372,88.19784
260613,88.19428
310932,88.19191
105269,88.190994
135271,88.18123
67072,88.18002
243766,88.17798
300470,88.17689
348895,88.1711
290586,88.1666
184433,88.16643
189228,88.16295
27605,88.16071
204534,88.1581
236962,88.15807
75312,88.15625
345660,88.15371
353753,88.147385
81429,88.144196
359404,88.14269
238939,88.13894
61614,88.13814
83120,88.12954
137305,88.12857
159343,88.12652
333881,88.125694
254415,88.12362
117015,88.12237
234295,88.11651
199574,88.114265
39165,88.10179
372861,88.09965
52272,88.09711
287446,88.095825
348993,88.09066
17005,88.08989
47079,88.081375
261065,88.07617
134407,88.07513
220172,88.07335
54791,88.0719
114809,88.071014
175489,88.06233
228183,88.05003
181455,88.04996
12837,88.049904
145627,88.04841
371654,88.04461
197499,88.03904
334435,88.03831
217832,88.037155
249176,88.03485
374826,88.03308
217159,88.03162
97803,88.02856
19072,88.023674
289592,88.02283
276156,88.01916
303813,88.01546
332734,88.00948
271973,88.00689
352276,88.00405
268770,88.004
12044,87.99422
230542,87.98255
171977,87.9756
293758,87.968666
109230,87.96318
150691,87.95904
69684,87.95086
263728,87.94272
321548,87.933105
71791,87.92672
128768,87.92516
121306,87.91862
241635,87.91615
370399,87.91537
41373,87.907455
144400,87.899765
296869,87.89672
2224,87.8963
142657,87.883286
323170,87.88255
365978,87.87653
296175,87.87291
362720,87.87157
65609,87.868935
183068,87.86526
213971,87.86129
285605,87.86016
372816,87.85924
87470,87.85273
320381,87.84889
240794,87.84621
209591,87.84494
212035,87.841545
241497,87.837585
245560,87.83376
326657,87.83213
255439,87.82803
83410,87.825615
312358,87.823746
19593,87.82165
178333,87.81699
253951,87.81135
20042,87.806564
345833,87.80525
353219,87.80513
47952,87.80421
40886,87.78763
113560,87.78421
248555,87.7681
315834,87.766525
199493,87.757706
117937,87.75048
141371,87.74889
234611,87.747635
270703,87.74697
360753,87.74668
18061,87.744965
71697,87.73915
306291,87.73505
351191,87.72919
63165,87.72873
205983,87.727905
240729,87.72526
86916,87.720436
298426,87.71919
126052,87.71915
147635,87.71396
97880,87.71297
305466,87.71059
237610,87.70888
83708,87.702
87163,87.70019
154002,87.69294
192879,87.692245
133191,87.68966
154241,87.68735
336396,87.68628
92968,87.68334
314157,87.677925
70196,87.67585
111896,87.66611
220146,87.66591
76400,87.6654
147146,87.66527
223576,87.66291
285246,87.66289
35153,87.65895
280213,87.65324
176233,87.650566
311220,87.64666
335999,87.646126
55294,87.64413
244605,87.64132
206063,87.64096
283382,87.63471
187585,87.63052
65983,87.63017
41741,87.62939
156727,87.625114
353824,87.61837
239757,87.61729
67039,87.61166
202294,87.61162
246882,87.609825
162000,87.60862
269822,87.60337
105977,87.6027
99257,87.601326
56434,87.60022
188873,87.590744
73806,87.58945
76252,87.58556
343272,87.583405
72136,87.582214
322219,87.58169
217737,87.580795
131402,87.569145
315260,87.56371
211459,87.56318
97098,87.554504
12483,87.54389
95235,87.54082
231450,87.53126
215229,87.529434
251152,87.52351
223867,87.52104
337321,87.51906
197477,87.50897
33917,87.50197
200585,87.50158
277538,87.50071
257884,87.494286
178370,87.487816
51403,87.48696
347262,87.48087
190315,87.47344
89629,87.46898
132029,87.464165
177006,87.463104
229090,87.46064
136539,87.458336
292557,87.45433
343,87.45375
350279,87.45238
337830,87.44872
180803,87.44639
27659,87.44595
233085,87.43422
190194,87.424904
267679,87.42361
77566,87.42035
77636,87.41632
266049,87.41094
240243,87.41067
352616,87.40617
257330,87.40059
140229,87.39616
205413,87.39587
173162,87.3944
53048,87.39265
89782,87.38692
286377,87.37781
222140,87.37269
135364,87.3671
325674,87.36505
294014,87.36412
20389,87.352974
313536,87.35204
308662,87.35087
185074,87.3419
42266,87.33773
212066,87.33741
4306,87.33579
165410,87.32907
272992,87.32886
75567,87.3266
271612,87.324
58612,87.32383
27496,87.32086
208198,87.32007
306052,87.310974
269439,87.30578
139737,87.2996
266144,87.297676
99130,87.297104
46288,87.29585
151248,87.29325
264353,87.29317
19821,87.29291
201156,87.290245
179889,87.28913
361480,87.28585
5628,87.28528
174708,87.27583
33733,87.27455
304599,87.27411
4288,87.272705
45260,87.264496
9608,87.262764
243750,87.25952
62728,87.25633
17239,87.256096
219016,87.25148
27826,87.2468
346149,87.24652
42575,87.24496
374675,87.23859
227323,87.2326
12885,87.23202
274504,87.22892
307575,87.22809
358977,87.22498
39146,87.22285
214619,87.222374
229138,87.220375
92699,87.20968
308107,87.20466
143164,87.19991
237941,87.19457
273790,87.19407
199492,87.18803
2281,87.18431
372666,87.184006
241621,87.18236
159924,87.18112
117381,87.175415
86395,87.17272
9493,87.16987
97213,87.167564
4403,87.164955
383,87.16287
186130,87.16213
313920,87.161644
114646,87.157234
32007,87.155365
87341,87.1492
315776,87.147224
26986,87.144615
312322,87.143456
151040,87.14317
128258,87.13971
138383,87.13936
12059,87.13841
240575,87.13087
125126,87.127235
145335,87.126396
154210,87.12609
309011,87.123436
100799,87.12031
102582,87.11817
36794,87.10564
100305,87.10524
327719,87.10358
12144,87.09726
191267,87.095375
183457,87.09505
350442,87.09228
130830,87.0912
332646,87.088615
338702,87.08645
14338,87.08618
147585,87.08253
372022,87.08043
187000,87.07478
338195,87.07163
22761,87.070786
90432,87.06532
106911,87.06441
335128,87.06433
229765,87.0625
92715,87.05805
254284,87.05723
267168,87.05381
242369,87.052155
45484,87.0477
120776,87.04664
120780,87.0451
293307,87.04503
340662,87.04411
168451,87.041534
49791,87.03589
105846,87.03533
164932,87.02984
136403,87.027054
241485,87.02414
20006,87.022835
161623,87.021576
304961,87.02106
3099,87.01726
362994,87.01626
137087,87.00164
329068,87.00136
139410,87.000725
343446,86.993774
41253,86.99154
36716,86.98829
273593,86.98656
353335,86.984245
363614,86.98314
132603,86.98003
75372,86.97783
49790,86.97439
143054,86.97429
231489,86.97347
287134,86.970985
142890,86.97001
263031,86.96873
333240,86.96279
75498,86.96148
43387,86.96001
124921,86.95823
141067,86.95678
265397,86.95249
288461,86.94865
330247,86.9471
331275,86.94472
287972,86.94471
165755,86.94416
16808,86.941345
166925,86.93186
178470,86.929
180842,86.92483
13032,86.92026
217113,86.917274
203092,86.913605
27365,86.908775
212791,86.906075
214287,86.90321
240329,86.9024
203676,86.90071
110135,86.90025
319370,86.89719
105065,86.88885
66360,86.88782
13569,86.88689
170867,86.88661
39209,86.8829
313987,86.88198
28584,86.881
41485,86.88091
69825,86.87826
13519,86.87671
108935,86.87626
280829,86.87491
15005,86.87125
133640,86.8702
148954,86.86904
53837,86.858406
159471,86.85656
9111,86.85452
346284,86.853935
301959,86.85321
97757,86.8443
398,86.84044
147834,86.83034
338566,86.82992
128649,86.82575
178574,86.82477
177802,86.821335
264310,86.81743
34658,86.81187
132192,86.80945
77552,86.798965
30956,86.79597
234597,86.7948
355924,86.79283
191322,86.792496
275804,86.785225
111081,86.78428
5895,86.78235
28307,86.77856
201352,86.77724
294459,86.775604
27172,86.76477
356,86.76342
147127,86.76148
79406,86.75528
291201,86.75381
338540,86.75292
339893,86.74725
336100,86.74231
44202,86.74031
237548,86.73564
316062,86.734856
160036,86.7263
203557,86.7255
98688,86.71882
291129,86.71169
178899,86.71082
77250,86.70719
41940,86.7033
142081,86.70285
248110,86.69418
212881,86.69271
86212,86.68858
238443,86.68748
365160,86.68743
141653,86.68417
337363,86.67801
216315,86.67574
36574,86.67516
286338,86.66933
196058,86.6683
350263,86.66777
222602,86.65988
146192,86.65718
81248,86.65404
301312,86.65194
335116,86.65045
211844,86.64935
177424,86.64456
293721,86.64383
328693,86.64144
184356,86.63817
17896,86.62906
125850,86.62683
194574,86.625244
193379,86.62406
197843,86.62156
282193,86.61079
346211,86.60912
221559,86.60308
265699,86.60297
182757,86.60135
365589,86.60124
4227,86.58309
3101,86.578606
83034,86.578026
146139,86.57497
208431,86.574745
253857,86.5738
348379,86.57242
308903,86.5662
242874,86.562744
140583,86.56015
18684,86.55627
40994,86.55221
352994,86.54623
19022,86.54573
84053,86.54153
364744,86.54135
87626,86.54057
258184,86.54051
228215,86.53419
258372,86.53174
203591,86.50837
270714,86.50772
82637,86.501915
349235,86.50047
229745,86.49897
227230,86.495674
286011,86.49433
328220,86.49393
357238,86.48621
190629,86.4852
298139,86.48376
256235,86.48145
189403,86.48114
42929,86.468765
170429,86.46376
360428,86.46231
166875,86.46171
306224,86.46026
111618,86.44791
9112,86.44514
351780,86.4388
137740,86.43831
104997,86.43446
136997,86.42959
151616,86.42346
306945,86.42231
73414,86.41657
254138,86.41514
295577,86.41174
298493,86.4111
96802,86.41049
119847,86.408966
12462,86.40652
135395,86.40367
288837,86.39381
319525,86.386734
238842,86.38506
230654,86.38272
302383,86.382095
326182,86.37857
292139,86.37164
182894,86.37091
365147,86.37015
267859,86.36878
245266,86.36855
368337,86.36852
68746,86.3674
2349,86.36651
174421,86.36063
188439,86.3553
282059,86.35506
274626,86.353165
146450,86.3521
37904,86.35204
234217,86.34938
221195,86.34876
238485,86.33634
59644,86.33362
343904,86.33033
147544,86.32734
303488,86.326485
41264,86.32496
67803,86.32441
33942,86.31898
13505,86.31793
148714,86.31416
289783,86.31299
180025,86.312004
21151,86.309906
80186,86.304016
34633,86.30294
50902,86.290115
324713,86.28497
209795,86.275375
54911,86.27433
366550,86.27138
18314,86.27023
205944,86.270065
96461,86.269554
232365,86.267876
327299,86.26354
139168,86.26337
250940,86.254654
372787,86.250534
315101,86.246284
275989,86.24155
302996,86.24142
177658,86.23922
315050,86.23641
328293,86.23571
166444,86.23408
25014,86.23396
139287,86.22894
31843,86.22697
219001,86.22309
204495,86.21974
240778,86.21669
176157,86.21387
54050,86.21075
196251,86.21016
185513,86.20455
39670,86.204506
192726,86.20441
156047,86.19942
287872,86.19068
248937,86.19005
321528,86.189995
207657,86.18561
61476,86.18075
14160,86.17727
371426,86.17431
51489,86.17355
113039,86.17293
342768,86.16919
343861,86.16916
22803,86.16876
287085,86.16614
240681,86.163704
237237,86.161285
230089,86.16111
251556,86.16109
220218,86.156815
334195,86.14781
156545,86.14698
295762,86.14697
40360,86.14244
88368,86.14148
370023,86.1402
120577,86.134705
291096,86.13112
124690,86.13031
364307,86.12276
236604,86.12003
67687,86.11006
185555,86.10785
41504,86.09502
267627,86.08781
221703,86.08307
164293,86.0798
183334,86.074615
89542,86.06889
211987,86.06735
49162,86.06555
351540,86.06405
255458,86.06227
255402,86.05487
227383,86.05482
340659,86.04492
365533,86.03434
373298,86.0316
172484,86.03064
9152,86.03059
27237,86.022224
46643,86.02028
141054,86.01779
338376,86.016914
281974,86.01654
39223,86.01519
276900,86.012924
248369,86.01268
36652,86.005455
261273,86.00506
28477,85.99392
19069,85.99349
172997,85.99341
283497,85.99207
352973,85.99171
252015,85.98846
225211,85.98663
15421,85.985954
253044,85.98048
145415,85.97533
188552,85.96633
79346,85.96424
220073,85.96417
166189,85.9629
176343,85.95063
162630,85.95055
75223,85.94564
298849,85.94464
32399,85.94384
254169,85.94274
186766,85.94149
327396,85.9414
234623,85.93902
244728,85.93005
34869,85.9285
177853,85.927734
38113,85.92262
39417,85.92111
120757,85.92104
274704,85.91903
363709,85.91874
304087,85.91748
124642,85.91532
27522,85.91386
73148,85.91169
280644,85.911446
106641,85.90541
367025,85.901596
276386,85.90002
355996,85.89595
292394,85.89475
155113,85.890465
50544,85.88974
17690,85.889565
14162,85.88294
104953,85.872635
231881,85.87147
311924,85.86888
312425,85.864555
259166,85.862915
291800,85.86268
110118,85.857056
219181,85.85665
146127,85.851295
35655,85.84909
18785,85.84889
68156,85.84834
196177,85.84689
157347,85.84664
346974,85.84424
175551,85.84032
20468,85.840256
224330,85.83931
204320,85.83807
172413,85.828735
42107,85.82673
275498,85.81973
319006,85.81912
143381,85.815544
318393,85.811386
42208,85.805176
373845,85.804306
7730,85.80348
345,85.8022
200298,85.7948
355956,85.7911
306395,85.79026
152690,85.788765
32335,85.78611
180584,85.78234
140152,85.78102
192579,85.77959
7713,85.77615
116202,85.77158
88804,85.77142
213913,85.77098
2297,85.77012
54466,85.766785
48397,85.764084
30414,85.76031
35214,85.76022
252196,85.75996
166103,85.7496
42075,85.74651
159455,85.7423
305441,85.73956
288861,85.73845
46804,85.73654
160808,85.73246
181629,85.72944
224727,85.7284
331696,85.72075
242398,85.72038
80996,85.71876
169004,85.71425
186867,85.71192
16188,85.70732
99274,85.70476
355067,85.70299
72561,85.702354
168896,85.700745
327661,85.69425
122875,85.69345
313310,85.69014
306250,85.68911
28474,85.68653
323975,85.68534
36863,85.68356
106803,85.68255
250654,85.68138
24519,85.67967
331822,85.67957
170814,85.67829
249043,85.673805
345021,85.670784
296524,85.670586
289148,85.66547
329641,85.66423
197024,85.66418
2317,85.66354
197549,85.66189
58870,85.66133
18002,85.65739
67576,85.65631
106569,85.65522
235886,85.649796
341993,85.64978
62065,85.64801
202141,85.63642
220076,85.636154
121398,85.63443
37105,85.63374
265690,85.632385
317777,85.62894
143482,85.62283
108152,85.619804
162940,85.61962
127575,85.61776
273876,85.61624
350706,85.613976
4673,85.612175
37892,85.60894
355103,85.60616
332157,85.60112
21279,85.6004
119463,85.60007
313023,85.59959
293770,85.59649
40575,85.596115
13917,85.59429
145316,85.57282
211386,85.5721
257486,85.569115
293677,85.55582
564,85.54965
349065,85.5492
280968,85.547646
36232,85.54358
73431,85.54152
370612,85.53906
30820,85.53886
35254,85.534386
155068,85.53044
297348,85.52718
132539,85.525635
210328,85.522
41857,85.51786
227454,85.51641
58774,85.51436
328229,85.51308
347197,85.51126
64524,85.50622
186409,85.49621
261222,85.4941
197722,85.49218
59602,85.49039
237460,85.49031
128528,85.48334
83394,85.47669
327620,85.47637
155006,85.47169
314769,85.47047
283858,85.46688
347697,85.46554
244513,85.46248
71146,85.45501
291616,85.45439
87186,85.451866
170974,85.44465
100807,85.44412
49382,85.443596
42797,85.44357
71931,85.44299
250032,85.44278
38859,85.44034
37420,85.436745
168338,85.43596
145136,85.43305
27404,85.432274
50225,85.42919
120128,85.42864
332888,85.42445
299135,85.418816
170492,85.41822
235160,85.417465
357017,85.4174
282057,85.41309
328337,85.406296
101933,85.40529
190458,85.405235
169438,85.4029
205656,85.4014
20141,85.400345
42599,85.39928
233733,85.39681
250339,85.39559
339448,85.39524
314703,85.392105
331860,85.384926
76811,85.38488
244357,85.38415
99020,85.38253
295248,85.38189
355962,85.38173
193617,85.37964
80269,85.379524
9806,85.37934
220124,85.37857
13955,85.37372
72536,85.36252
150222,85.35762
253931,85.35503
194291,85.352455
360079,85.35223
4291,85.350395
194688,85.350006
132667,85.34939
316903,85.346924
281190,85.34668
6253,85.34468
252812,85.34302
337357,85.342865
86534,85.34239
119520,85.34012
28881,85.34003
284741,85.33483
350356,85.33263
69007,85.33211
220425,85.32344
116681,85.32239
363691,85.32236
272956,85.31992
150441,85.319695
150075,85.319405
46105,85.31808
188978,85.31802
206991,85.31781
53919,85.311806
133208,85.30467
312586,85.30425
277602,85.30312
237010,85.29969
55959,85.29597
251681,85.29412
221061,85.293686
188195,85.28928
180573,85.28844
41991,85.285614
207611,85.28461
169303,85.282906
159006,85.281006
207003,85.28082
15175,85.27827
192103,85.27687
25981,85.26898
199344,85.26834
82630,85.25942
318963,85.25625
153072,85.247185
141226,85.24643
268434,85.245476
163536,85.23096
334355,85.23027
28293,85.228905
252281,85.22681
291841,85.2245
230666,85.22333
297549,85.22312
242718,85.222664
15536,85.21499
304906,85.21237
62577,85.21009
266134,85.208244
363127,85.199646
26808,85.191895
232829,85.186615
367610,85.186325
4366,85.18384
321878,85.18348
238878,85.18185
235185,85.18131
241507,85.18078
218127,85.17584
246416,85.175026
287442,85.17361
131399,85.17108
266728,85.17098
196205,85.16994
293108,85.16843
229054,85.162674
40195,85.16179
375057,85.16016
373959,85.157455
31712,85.15743
247366,85.15618
57507,85.14727
179606,85.14565
214610,85.14073
49763,85.13913
334289,85.13824
359173,85.13599
196902,85.13235
282903,85.129875
225093,85.12909
199104,85.120895
239729,85.11558
102646,85.11428
195296,85.11406
205306,85.11373
11128,85.10721
25232,85.10364
282449,85.10274
81569,85.1025
318006,85.1022
133757,85.10123
249700,85.099884
42654,85.0933
207589,85.08499
287236,85.0847
327253,85.083305
253928,85.07728
346112,85.07718
166092,85.07401
123909,85.06946
227797,85.06593
287319,85.06353
37637,85.059944
102115,85.05501
250347,85.05426
320985,85.05273
316081,85.05037
272495,85.04987
221101,85.04899
214043,85.04897
372629,85.04778
183951,85.04701
153134,85.0457
293144,85.044044
305252,85.04383
275751,85.04231
229419,85.04181
62079,85.039406
270716,85.03805
159140,85.03542
16261,85.03309
295614,85.03247
72928,85.0312
173003,85.029236
371590,85.02888
46432,85.02603
72276,85.02538
234489,85.02458
94101,85.02445
258661,85.02418
149691,85.02336
170539,85.02142
80894,85.01795
283298,85.01775
21200,85.01609
86680,85.01602
204457,85.01358
226763,85.013054
199109,85.01289
12984,85.01262
285740,85.01038
303932,85.01025
62109,85.010124
168013,85.0084
324871,85.00171
357150,84.99973
270630,84.99437
163700,84.98929
279143,84.98432
184350,84.98291
185691,84.97742
318067,84.97412
356600,84.968185
196873,84.96737
3066,84.96176
5472,84.95667
65844,84.95074
284599,84.9495
244388,84.94943
303245,84.94862
26699,84.94023
301474,84.93781
244094,84.936905
283294,84.9349
6753,84.93471
36910,84.932465
278128,84.9312
137319,84.930695
213102,84.93037
219358,84.92768
28130,84.92639
343305,84.924545
224651,84.92264
237398,84.919785
255357,84.918335
352991,84.91375
271084,84.91286
352077,84.91211
241915,84.91115
35660,84.910065
62685,84.90076
41692,84.89854
229747,84.897385
134629,84.89695
150520,84.89297
212758,84.890724
122648,84.89042
105884,84.88656
301935,84.885735
195456,84.88355
363205,84.87925
268681,84.87513
99127,84.87413
38611,84.863525
290748,84.86191
132768,84.86155
288940,84.859055
274776,84.85113
257459,84.84633
200440,84.843994
31574,84.84345
211007,84.8413
223224,84.83925
11043,84.837776
114819,84.832535
65033,84.8317
231073,84.82268
276373,84.822525
271843,84.81812
311643,84.81745
143513,84.81316
19489,84.81031
45763,84.79848
70864,84.79582
104977,84.79561
77032,84.79332
355921,84.79183
24256,84.791336
295241,84.79066
302867,84.78773
42016,84.78527
39160,84.78113
256201,84.781044
372790,84.77859
266316,84.7708
319250,84.76721
275497,84.76584
247539,84.76229
127939,84.76028
303530,84.75676
152169,84.75421
69237,84.742424
322283,84.73678
317907,84.73225
34141,84.73192
61844,84.717865
217524,84.71462
211574,84.711266
161881,84.71113
312232,84.70848
73308,84.70811
190217,84.70771
59132,84.70568
323553,84.70442
41671,84.70221
327114,84.69698
175069,84.692505
75226,84.69121
346701,84.69021
118301,84.68893
154421,84.68779
103048,84.68335
317214,84.673294
369658,84.67095
237555,84.67068
137534,84.66979
122772,84.669754
369757,84.66908
208761,84.667435
358883,84.665726
67456,84.66423
151944,84.66376
104457,84.66183
351577,84.66086
295826,84.65893
94393,84.65861
40469,84.658424
238470,84.656586
5760,84.651184
59329,84.65089
37496,84.64796
358604,84.64634
353683,84.64567
50536,84.6434
57889,84.642784
41447,84.640884
185175,84.63343
304249,84.62875
274661,84.621544
86360,84.61619
172627,84.60756
22972,84.60754
161578,84.6073
373082,84.60709
371453,84.605354
184298,84.60299
93953,84.60155
372113,84.59903
163775,84.59863
339176,84.5969
55480,84.595276
238317,84.59427
215072,84.59412
140021,84.59407
169650,84.59349
243193,84.592926
145647,84.5895
356720,84.58936
261729,84.58643
265917,84.5857
219536,84.58483
158088,84.58276
15755,84.58008
300058,84.57759
84430,84.57631
56644,84.57452
49511,84.564125
1521,84.563255
206391,84.56309
32857,84.55352
293674,84.55139
87973,84.55021
93319,84.5405
237889,84.540115
373303,84.539
368083,84.53676
260240,84.534355
165521,84.53244
285444,84.531044
337623,84.52773
244197,84.52712
229994,84.52623
110233,84.52201
153875,84.51731
6776,84.51647
156783,84.51245
302733,84.51183
201644,84.50997
54958,84.50941
180057,84.50871
338113,84.50685
312626,84.50588
248683,84.505745
180650,84.50485
40367,84.50103
319294,84.49836
182787,84.49736
318302,84.49526
42879,84.49212
26287,84.49178
294449,84.48566
238634,84.47953
33399,84.471344
217313,84.47073
156040,84.46958
235352,84.46901
35466,84.4668
25373,84.465675
269684,84.45801
316126,84.45374
257689,84.45301
75770,84.44276
208276,84.43525
20707,84.43398
368230,84.433266
138416,84.43278
270632,84.43
307857,84.42654
290400,84.426186
277805,84.423386
184650,84.41125
136255,84.41052
187032,84.40579
137057,84.403244
110111,84.40158
260943,84.40102
143088,84.39977
34163,84.39947
230965,84.39886
204914,84.39596
42529,84.39544
229813,84.395294
168895,84.39408
172576,84.393265
284273,84.38895
263367,84.38678
71160,84.38183
190960,84.37924
135479,84.37638
33022,84.37387
234640,84.36842
326601,84.365135
168166,84.363754
200733,84.359604
44259,84.35572
203807,84.35442
305401,84.34544
310811,84.345085
191035,84.344925
294736,84.34244
312971,84.341324
6544,84.33905
257040,84.33388
251171,84.32644
134140,84.32215
285327,84.32092
127136,84.32027
294693,84.31932
99678,84.3168
257504,84.316536
95074,84.31588
195197,84.3111
290440,84.30986
87440,84.30915
304945,84.30844
31540,84.30609
61708,84.29701
7749,84.29282
115731,84.28899
3604,84.28555
317890,84.2786
269995,84.277855
61658,84.27457
91286,84.27104
89247,84.270935
46132,84.26991
8439,84.26846
243196,84.265976
309681,84.263916
340326,84.2637
9400,84.263596
116231,84.258156
118053,84.25243
130977,84.24843
185186,84.24267
124091,84.2384
227760,84.23465
318294,84.23458
65156,84.23442
133902,84.23343
91777,84.2323
265732,84.23134
74942,84.230804
124081,84.22964
80027,84.22817
334900,84.21988
4525,84.21577
1668,84.21513
16017,84.21449
258566,84.2127
205090,84.21117
310290,84.208275
216454,84.20419
74289,84.20019
138336,84.198715
121942,84.19778
13815,84.196045
217304,84.19546
82494,84.19541
136463,84.19161
341000,84.1913
277302,84.19108
241546,84.18863
207597,84.18615
245612,84.184135
182097,84.18394
122282,84.177216
274707,84.1753
102065,84.172264
334933,84.17146
288965,84.17056
261618,84.16779
270542,84.16625
22502,84.16607
357597,84.16093
375443,84.1587
124256,84.1568
84046,84.15619
93555,84.15604
257928,84.15468
266591,84.15421
113428,84.15111
205991,84.14926
338628,84.14819
279695,84.14384
136522,84.1411
214012,84.13707
353882,84.13598
312024,84.135895
203966,84.130714
342696,84.13001
287973,84.12803
346441,84.12316
34598,84.12021
116507,84.11898
42325,84.10789
159278,84.10665
200046,84.10182
305572,84.1017
44344,84.099625
44076,84.09605
290808,84.09109
271704,84.08991
327080,84.08713
64318,84.08296
353764,84.08272
17145,84.07883
14291,84.07816
236387,84.07661
207552,84.075516
296369,84.07237
14215,84.066
317772,84.064445
62647,84.05705
209987,84.056335
50552,84.05182
60684,84.05062
282759,84.04703
366210,84.046814
184400,84.04555
164749,84.04498
368791,84.04366
2209,84.03863
300991,84.03819
172369,84.02947
343148,84.02669
48869,84.02365
373957,84.010216
14723,84.00775
183488,84.006294
330626,84.0058
112608,84.00159
274916,83.99758
72349,83.99119
23872,83.986595
178207,83.98187
180538,83.97965
299977,83.97604
65125,83.97548
280605,83.97487
274921,83.970634
38707,83.9689
25573,83.96822
250709,83.96759
103964,83.96365
188095,83.95838
195243,83.95596
33114,83.95482
9103,83.9534
265385,83.95143
202211,83.94895
309748,83.94717
248997,83.94553
145086,83.942116
310894,83.94111
204028,83.93865
226140,83.936325
66964,83.93424
178787,83.93213
232847,83.93202
301447,83.92393
196477,83.9074
197902,83.90187
231676,83.90148
218038,83.90099
18526,83.8997
173482,83.89373
342701,83.88742
197975,83.8874
80809,83.87973
181284,83.87777
45203,83.87369
209287,83.87201
7745,83.871185
11532,83.869576
44096,83.86825
247001,83.858826
47901,83.8581
341453,83.85389
27508,83.85338
249680,83.84499
293080,83.844894
342705,83.84309
16156,83.84248
33178,83.83808
348072,83.83419
157849,83.830376
312218,83.82997
307628,83.829834
47254,83.82851
17767,83.8285
29527,83.826645
287392,83.82396
353202,83.82185
129385,83.81948
344562,83.81293
365,83.81155
168223,83.80337
96725,83.80272
80465,83.80212
233041,83.80089
57938,83.79951
321596,83.79701
90233,83.79398
121147,83.79198
60309,83.79006
146660,83.788506
142182,83.787445
248029,83.78574
197639,83.78422
66059,83.78412
33625,83.77956
219753,83.769295
35221,83.76903
299193,83.764885
72699,83.760376
209007,83.7583
189616,83.746
141707,83.744095
225751,83.74136
178100,83.7382
103254,83.7355
125449,83.735435
111808,83.73297
270702,83.73248
175583,83.732376
331173,83.73195
371979,83.73118
327176,83.72862
330831,83.72779
181575,83.72515
286982,83.72236
195445,83.72215
199743,83.721016
338085,83.720955
108162,83.71812
334346,83.717896
342241,83.71742
44159,83.71389
168563,83.70516
55369,83.70308
25051,83.70055
88345,83.698875
128537,83.69796
255385,83.69524
193490,83.69292
268170,83.686615
25887,83.685875
274681,83.684166
26199,83.683464
79621,83.6757
348782,83.670555
77996,83.66739
333297,83.665535
336717,83.65902
110715,83.656906
211185,83.6549
289583,83.65379
177854,83.65314
193756,83.6448
69447,83.64113
329476,83.63893
220765,83.63795
351068,83.6321
294835,83.629684
336308,83.62091
129501,83.61764
260872,83.614456
348429,83.60866
252843,83.60598
222623,83.60587
84266,83.60509
242503,83.60186
305678,83.59502
305200,83.59231
127246,83.591225
152273,83.58593
200608,83.57946
51020,83.57373
181100,83.57327
56615,83.57275
235499,83.57098
43026,83.561516
239250,83.56012
302818,83.558975
80173,83.55885
141059,83.55544
249950,83.550674
279084,83.54871
366831,83.545074
119724,83.54486
268682,83.54468
300604,83.542114
375062,83.538216
246577,83.53626
335905,83.53598
142737,83.5327
172246,83.5297
193297,83.5296
205117,83.52741
215947,83.52548
364397,83.52471
338422,83.52323
176241,83.51718
189860,83.51574
301146,83.51387
52779,83.513725
162979,83.5118
250539,83.51035
68819,83.50841
360197,83.50706
340316,83.50687
256094,83.50312
186076,83.50136
261814,83.4998
164188,83.499405
183491,83.49896
119512,83.4984
165128,83.4947
299885,83.494286
216561,83.49306
89031,83.492546
248447,83.4911
163820,83.484085
186418,83.483315
42056,83.482414
326449,83.48085
283728,83.4791
78498,83.47693
123701,83.474785
380,83.47276
344772,83.47114
319842,83.470665
337659,83.470276
206857,83.46977
190918,83.46855
370244,83.46663
360699,83.465706
159862,83.46522
275216,83.46254
145523,83.45955
117116,83.45854
236031,83.45519
217150,83.451904
150167,83.448456
199824,83.44362
152483,83.44177
266241,83.44074
119804,83.43951
3170,83.437065
149032,83.43497
231621,83.43492
187636,83.43335
338541,83.429756
288603,83.42605
171922,83.42499
18006,83.42264
333042,83.421135
163084,83.420876
302914,83.42048
286554,83.42004
265258,83.41892
143471,83.41215
110896,83.40352
20662,83.40246
336922,83.39989
346484,83.39889
150623,83.398865
130695,83.39847
306434,83.39724
105305,83.39538
206825,83.39516
251154,83.394165
300578,83.39401
51953,83.39193
40515,83.391106
181227,83.39087
80906,83.38727
213500,83.386955
23490,83.382454
34279,83.37805
4263,83.377205
143263,83.37356
230717,83.37211
85663,83.369125
5998,83.36542
242981,83.36435
304721,83.363464
280902,83.362854
321622,83.36074
217471,83.35963
195079,83.35539
359483,83.35247
205282,83.35244
265844,83.34554
34685,83.34187
243680,83.34032
162790,83.3396
69752,83.33624
269215,83.334206
338409,83.32498
306277,83.32391
322025,83.323235
107934,83.31723
88691,83.3164
16155,83.31563
315812,83.308556
218780,83.304184
45421,83.3033
285550,83.29967
115969,83.29916
306519,83.29861
117217,83.297516
29960,83.297104
111219,83.290375
235270,83.285286
39996,83.28005
16195,83.273224
139794,83.27314
39136,83.270706
187518,83.27044
370043,83.270096
342051,83.268906
334276,83.26798
312702,83.26416
42281,83.26213
53321,83.25936
337864,83.258965
222444,83.25585
106733,83.25245
153368,83.24378
311977,83.240326
214654,83.23955
11915,83.23826
352929,83.23712
292814,83.23593
20715,83.2358
323220,83.23548
88406,83.2279
162046,83.22642
6405,83.222916
317384,83.22261
141873,83.22181
336257,83.21506
59699,83.21375
100393,83.21362
41399,83.21182
192772,83.21061
233624,83.208244
276163,83.2048
24152,83.20226
297319,83.2014
283429,83.19688
327693,83.19191
18576,83.1913
5627,83.187874
117726,83.18698
183429,83.184814
54138,83.184074
366876,83.18227
212002,83.17743
345483,83.17459
173806,83.16917
305060,83.16354
181357,83.16248
219709,83.15624
178459,83.15588
193773,83.151825
134000,83.14608
35207,83.14584
337593,83.13997
15869,83.139755
162066,83.138016
170643,83.13408
176063,83.13326
107968,83.130005
347762,83.12658
171395,83.12516
263219,83.12489
233239,83.1211
562,83.11812
290726,83.11182
188221,83.11133
126925,83.109856
239716,83.1093
216124,83.107475
9175,83.10687
116789,83.10682
40689,83.10472
310371,83.10066
102957,83.09986
329625,83.09914
4461,83.09709
118772,83.095764
195883,83.09296
90563,83.090195
251624,83.08953
183803,83.08902
287519,83.086655
335532,83.084755
295480,83.079796
116488,83.07677
252364,83.076515
90263,83.07407
17531,83.069954
8090,83.06788
123188,83.063614
136742,83.06079
304171,83.05973
357980,83.059586
136339,83.05873
201839,83.058464
287899,83.05716
185252,83.055214
17186,83.05249
178218,83.05105
94318,83.05061
188679,83.049576
58634,83.04866
153066,83.045135
62759,83.04406
227642,83.04305
17815,83.0357
277736,83.03447
126879,83.032715
150382,83.0279
344569,83.026634
354819,83.02455
136972,83.02426
43338,83.021065
8431,83.02102
284501,83.02046
101925,83.011696
17980,83.01146
335888,83.01133
305025,83.011154
2426,83.01082
59354,83.01064
107110,83.00921
337929,83.00902
240398,83.00899
33490,83.00833
322268,83.007744
302409,83.00595
264233,83.004486
177091,83.0044
18532,83.004196
150438,82.9971
244598,82.99709
318505,82.99602
77381,82.99172
334762,82.99069
259366,82.990685
343033,82.9892
275914,82.9891
182406,82.98659
178659,82.98477
183264,82.98421
78628,82.98331
307739,82.98073
37540,82.98026
49944,82.97587
39887,82.975235
155328,82.974785
234482,82.97442
217199,82.97412
228931,82.97209
194646,82.96846
122532,82.963936
339855,82.95218
277573,82.95098
191278,82.94627
11350,82.945465
52941,82.94398
69483,82.9421
28122,82.938225
67988,82.9373
371117,82.93724
156457,82.936806
364493,82.93515
199825,82.933334
29578,82.9333
92558,82.931984
77231,82.93025
164789,82.92947
9100,82.92923
138351,82.92793
266629,82.92734
96366,82.92717
305558,82.92717
4831,82.92519
148472,82.9231
248449,82.9206
250623,82.91961
189709,82.91911
207605,82.91776
193809,82.91642
286019,82.912155
16099,82.91004
61335,82.90525
272309,82.903725
46257,82.90349
39375,82.9031
325989,82.89962
180816,82.89918
37081,82.89541
233040,82.89413
349939,82.89241
214556,82.8924
292538,82.88957
36248,82.88812
48584,82.888
243488,82.88584
13099,82.88463
100535,82.88424
28968,82.882996
293214,82.87997
184954,82.87603
167582,82.85643
301843,82.85359
27603,82.853386
147921,82.85167
337974,82.85121
222309,82.85044
317277,82.849045
140213,82.84224
107020,82.83794
127262,82.83789
5231,82.83198
63686,82.827805
337283,82.825294
47263,82.82434
70586,82.82234
236486,82.82184
29950,82.82169
13066,82.81926
68799,82.8162
222774,82.81579
355394,82.81494
291545,82.81418
81667,82.813034
143008,82.81087
322684,82.80328
147366,82.800316
229395,82.798256
118784,82.79652
189256,82.79596
350743,82.79595
192421,82.79137
366535,82.78647
179288,82.78224
375414,82.7793
289534,82.77723
115132,82.76728
293578,82.76517
323798,82.76517
289057,82.75808
19032,82.752594
214177,82.75091
290379,82.74761
135469,82.74636
301033,82.74492
40757,82.737854
166345,82.73757
90811,82.73689
332625,82.73383
111561,82.733376
244539,82.73328
325182,82.73144
223704,82.72988
248559,82.72482
237244,82.72351
268747,82.723305
15882,82.72172
289390,82.71864
304406,82.71691
53382,82.716324
196708,82.71595
189510,82.71515
81698,82.71477
189569,82.714424
25560,82.712395
272012,82.70956
143029,82.70611
83743,82.70431
93723,82.7031
274286,82.70294
254776,82.70046
121297,82.69908
363440,82.69903
273139,82.69651
222385,82.69533
193556,82.69532
26640,82.69426
298726,82.69366
232249,82.6904
299801,82.68996
80998,82.68988
156198,82.68954
63820,82.68658
235093,82.684425
286068,82.6838
284415,82.67998
276709,82.6794
244799,82.670525
179619,82.668526
11278,82.66625
332808,82.66462
361300,82.664276
276854,82.66422
84896,82.66356
310575,82.65946
212562,82.65891
8904,82.657166
317864,82.65277
297066,82.65253
373025,82.65235
177543,82.64611
275621,82.64331
334972,82.64262
151265,82.64136
17770,82.64045
172379,82.63954
57348,82.63662
275398,82.63588
159087,82.6351
308172,82.635086
237482,82.635
32285,82.63274
175699,82.62988
163938,82.629166
326971,82.62662
337402,82.62534
73770,82.61716
169727,82.61713
326062,82.61334
237807,82.612915
356391,82.612755
354661,82.60896
3195,82.60793
325606,82.605934
353794,82.59918
312253,82.594635
297744,82.59374
124228,82.592705
250167,82.59185
261566,82.590866
298767,82.58941
372434,82.585335
71115,82.58312
274605,82.58126
51757,82.58102
321300,82.58036
453,82.579384
235826,82.57432
83432,82.57334
369030,82.57012
153739,82.569664
206364,82.56837
298824,82.56772
83503,82.56728
283719,82.56697
161419,82.56643
357611,82.56533
196610,82.56486
115406,82.56448
28305,82.562996
70723,82.562996
66301,82.56109
320662,82.55891
223525,82.55727
168206,82.554794
304567,82.55233
211045,82.55067
259060,82.54253
6137,82.541
248784,82.54087
366519,82.537
330416,82.53159
96075,82.526825
61978,82.52458
329435,82.523285
206417,82.52324
219775,82.517815
14112,82.51303
66919,82.51099
244207,82.50945
99458,82.50863
155018,82.50652
3272,82.506485
37635,82.506454
257220,82.505196
366817,82.50382
209246,82.497246
148087,82.49579
368524,82.4955
289418,82.495255
366812,82.49511
209490,82.49436
185790,82.492
251163,82.49184
228677,82.48839
154264,82.47864
148418,82.47521
68975,82.47389
29873,82.47323
288190,82.4728
307906,82.47196
18663,82.46972
160908,82.46939
371835,82.467415
148315,82.466965
168361,82.465385
13878,82.464165
342897,82.46118
79132,82.45769
210899,82.457146
359035,82.45704
184642,82.44612
153321,82.445564
121926,82.44038
104188,82.439316
251137,82.4368
306720,82.42889
323695,82.42683
375023,82.42655
357028,82.42607
16809,82.423645
291636,82.41615
307536,82.41564
42495,82.40847
100155,82.407074
273636,82.40476
337237,82.403824
13596,82.40331
227179,82.40226
36306,82.40153
149011,82.39613
173329,82.39582
59822,82.39536
2456,82.39382
301774,82.39116
137781,82.39107
36478,82.38933
129170,82.38896
215797,82.38622
144163,82.38592
294182,82.38398
331898,82.383316
136586,82.38304
180232,82.38174
198157,82.380615
79384,82.37486
169377,82.372665
46181,82.37025
306643,82.36994
64903,82.36961
144836,82.3678
180907,82.36757
252935,82.366936
99987,82.36684
98910,82.366425
121536,82.36529
155384,82.36317
63258,82.35986
192480,82.35794
341445,82.355774
63783,82.35293
357753,82.34933
12535,82.34473
54174,82.342224
276822,82.34215
203527,82.34059
175123,82.339775
67438,82.339424
214421,82.33622
23111,82.33553
21101,82.3354
211933,82.33449
363928,82.333145
75416,82.33285
120662,82.32618
55421,82.3254
312423,82.3198
256805,82.31956
192166,82.31803
249517,82.31727
109644,82.31436
36928,82.31048
344694,82.31003
351839,82.30487
256342,82.30039
362962,82.29743
105093,82.29694
328280,82.29685
197719,82.29614
25044,82.294975
212130,82.29248
21063,82.29172
151423,82.291145
320169,82.29099
339282,82.290825
166506,82.28974
297497,82.2874
177493,82.28574
225526,82.28542
222214,82.283264
346521,82.28322
109587,82.28302
108423,82.28244
277633,82.28037
28425,82.27116
317862,82.27005
145406,82.269554
303320,82.26868
24106,82.26707
192568,82.26562
194085,82.263565
160068,82.260704
224921,82.26001
21051,82.25967
200750,82.25648
210498,82.25639
117418,82.25553
355807,82.25514
175710,82.247665
145003,82.24644
25367,82.24637
99464,82.24555
332596,82.245544
149895,82.24312
28591,82.24071
319125,82.236946
62026,82.23656
127873,82.234726
364104,82.22741
138931,82.21901
149765,82.21864
175278,82.21851
237305,82.21765
280787,82.217186
24211,82.21674
94969,82.21455
4247,82.21427
357623,82.21213
322481,82.21191
81833,82.21154
44491,82.20903
218056,82.206825
182345,82.206535
372116,82.20646
64295,82.20442
98038,82.20378
359873,82.20287
16769,82.20242
211432,82.195915
235140,82.19312
150603,82.19017
207249,82.18598
192832,82.18544
120709,82.1841
204148,82.18109
48593,82.17582
217831,82.17321
75841,82.16921
370369,82.16912
273906,82.16757
12231,82.16678
2804,82.164566
167701,82.15884
292825,82.157715
202364,82.154785
306414,82.1538
77249,82.15359
137784,82.1524
113753,82.14843
259997,82.14453
217204,82.14258
26695,82.14186
145147,82.13986
291872,82.13679
364726,82.12891
369659,82.12831
304958,82.12825
194143,82.12641
296845,82.126335
330952,82.12528
170673,82.12077
320893,82.120766
160706,82.11703
29255,82.115906
235138,82.11218
164461,82.11177
127150,82.111336
256033,82.10982
149996,82.10247
174393,82.09942
78249,82.09493
226482,82.09298
239084,82.09236
365412,82.090385
265184,82.088234
209086,82.08767
97416,82.08606
157275,82.081215
19556,82.078926
279272,82.07722
43198,82.07037
61348,82.06609
219412,82.06253
298147,82.06229
367967,82.0594
232352,82.05301
62505,82.05241
288987,82.05069
186505,82.04873
258377,82.04553
34608,82.042175
173876,82.04135
252938,82.03831
188361,82.03604
331185,82.03543
42447,82.03455
102465,82.03442
202745,82.03324
224147,82.028046
368463,82.02774
208392,82.02411
50226,82.02314
4397,82.01823
2665,82.01378
269919,82.01222
17267,82.01009
195509,82.00924
77582,82.00713
299500,82.00415
9141,82.00356
38007,82.00137
8009,82.00107
101504,81.99907
186834,81.99661
321353,81.99493
307999,81.99374
325751,81.993065
119664,81.99235
236995,81.99085
49700,81.98952
122475,81.98469
13634,81.98322
368182,81.98322
206551,81.982285
4340,81.97968
322451,81.976746
329390,81.97371
215122,81.97348
214366,81.97011
28274,81.966324
267842,81.966225
133601,81.965744
64949,81.96207
121906,81.95655
128290,81.95651
246945,81.95207
304389,81.95041
92516,81.94995
156594,81.94939
170895,81.94833
39329,81.94785
211716,81.94776
45991,81.947464
192473,81.94719
43088,81.94484
342774,81.94139
41915,81.94124
234035,81.94106
93997,81.93817
184859,81.936485
90390,81.935814
250876,81.93472
297484,81.931595
221323,81.93078
10890,81.929245
133193,81.92483
25834,81.92442
256494,81.92308
371077,81.92232
152563,81.91741
76735,81.91533
114273,81.91344
257475,81.91173
180094,81.910385
351831,81.9077
366226,81.90768
348557,81.90619
273124,81.90417
329522,81.90292
55120,81.90099
225711,81.90069
199400,81.89724
186195,81.893875
172608,81.89122
281271,81.88899
130397,81.88818
214978,81.884285
332899,81.88423
218862,81.87631
84140,81.87521
7904,81.872894
21153,81.87117
248190,81.86912
283234,81.869
270734,81.86424
242615,81.86142
65886,81.85911
48271,81.85668
199445,81.85664
304425,81.852585
65027,81.851814
83829,81.84783
211125,81.84624
260073,81.84557
216674,81.84405
5089,81.84185
177700,81.83528
182426,81.830315
7533,81.82969
171064,81.82592
2949,81.82474
287212,81.82361
281535,81.82169
355688,81.81836
41611,81.81292
9062,81.79925
36487,81.79715
226393,81.796104
258963,81.79516
272728,81.793015
340597,81.792656
241887,81.791885
23090,81.79143
257354,81.79133
118195,81.78916
132022,81.78545
237318,81.7811
16024,81.78069
15450,81.77979
168499,81.77567
18520,81.77153
133206,81.77105
47927,81.76465
41953,81.76386
206661,81.76041
209472,81.75951
243584,81.75755
258678,81.75752
221873,81.75342
125429,81.75098
48366,81.750916
604,81.74635
352878,81.74433
240422,81.74343
274486,81.741104
20460,81.73962
313814,81.73549
342578,81.732285
4734,81.729256
24760,81.726906
97235,81.72649
191016,81.7263
6781,81.72028
351773,81.71941
193845,81.718216
227616,81.71736
252443,81.71221
2212,81.71218
309810,81.70616
27791,81.706
361588,81.70558
327796,81.70513
204938,81.70452
251569,81.70431
245601,81.703735
24075,81.70037
303558,81.69592
347214,81.693504
256160,81.6935
258003,81.68824
52307,81.68808
251618,81.682625
132118,81.681854
345960,81.681564
104123,81.67605
6918,81.67511
189702,81.6734
145902,81.6711
273367,81.67065
127799,81.66327
136062,81.657875
350418,81.65685
346843,81.656555
246981,81.655174
228358,81.653366
99853,81.65223
170085,81.65176
108595,81.65172
354099,81.65024
343435,81.64888
229548,81.645325
319604,81.64301
269779,81.642624
152507,81.64177
342,81.6402
154092,81.63964
213965,81.63858
130848,81.63378
90706,81.631615
51220,81.631096
300543,81.62869
246820,81.6286
231749,81.628395
70748,81.62711
336139,81.62625
362529,81.62431
293254,81.61736
344959,81.61724
240069,81.61356
336704,81.60801
307579,81.60453
225527,81.60341
216930,81.60284
83813,81.60258
358979,81.60103
45008,81.60059
27298,81.59895
375114,81.598946
136900,81.59658
134367,81.59423
12338,81.59215
94736,81.59165
33944,81.58921
164719,81.589134
349548,81.58814
240897,81.58809
21198,81.58791
116281,81.586624
14675,81.58631
80871,81.58585
370405,81.58484
197276,81.58441
216753,81.58157
357697,81.57936
372089,81.578285
354509,81.57778
29643,81.57648
183384,81.56811
342902,81.56719
54645,81.565285
204792,81.564705
212326,81.563034
47475,81.56213
76174,81.56114
218770,81.55934
241616,81.554596
62679,81.55282
258529,81.552315
43970,81.55135
66129,81.5437
285724,81.54364
371294,81.54329
41394,81.54243
233482,81.54027
90158,81.5371
25244,81.53601
152631,81.53536
62791,81.532166
146704,81.532036
275591,81.53102
313751,81.52908
337290,81.52835
198151,81.52382
349817,81.522125
161079,81.52036
363072,81.5193
134069,81.514626
42460,81.51405
433,81.514015
159064,81.51394
363962,81.512856
120464,81.51103
73837,81.509445
236772,81.50478
85976,81.50464
132923,81.50406
4365,81.50334
33954,81.50257
11213,81.50155
28080,81.50155
303219,81.50135
55636,81.5005
55608,81.4978
316632,81.494835
210458,81.49063
159589,81.48399
62489,81.483086
204262,81.48102
363797,81.479675
364037,81.47844
142736,81.4741
172767,81.47406
356859,81.47189
53454,81.47183
24346,81.47056
274176,81.46853
184532,81.46611
300038,81.46457
216422,81.46155
135180,81.46093
154765,81.457855
316931,81.45728
332779,81.45594
14570,81.455795
177607,81.45519
254365,81.45518
338711,81.454445
199128,81.45341
133174,81.4527
221604,81.449135
325371,81.44766
18545,81.44744
249785,81.44612
295988,81.44575
187427,81.44568
434,81.44458
187503,81.43995
216974,81.43742
265168,81.430984
126659,81.43076
35849,81.42936
41190,81.42711
249319,81.4242
307082,81.42201
131011,81.417114
373160,81.41568
43082,81.41267
61575,81.41254
373722,81.410515
253550,81.40883
266281,81.408356
83343,81.40758
35338,81.402824
2284,81.39822
289771,81.39778
305327,81.397026
86007,81.396614
42901,81.39655
366348,81.394714
374618,81.39424
272671,81.39234
276311,81.391945
42665,81.39138
312202,81.38969
338745,81.384766
210262,81.38125
98623,81.3811
290354,81.38021
307203,81.37766
256784,81.377556
374815,81.366875
234364,81.36516
70927,81.36087
17510,81.36074
286411,81.36063
125082,81.355965
249123,81.35577
166620,81.35357
146967,81.351974
30859,81.35186
35492,81.3488
276633,81.34783
76779,81.34715
130715,81.34487
92679,81.342
284945,81.341446
205633,81.33766
364953,81.33568
191441,81.33394
74666,81.332214
11079,81.331535
243016,81.330986
203348,81.33089
149182,81.3261
330046,81.32261
104094,81.32055
25935,81.320274
188352,81.31969
254736,81.3194
298898,81.31778
359978,81.31653
254246,81.31629
367264,81.31338
259244,81.311104
277584,81.308266
252357,81.30793
156905,81.3037
54771,81.30215
96551,81.295944
189628,81.29407
7663,81.293335
207608,81.2898
34525,81.28747
172999,81.28501
370673,81.283905
72797,81.28349
35283,81.28161
286246,81.2796
288066,81.277176
80952,81.27632
242054,81.27489
191448,81.27115
304090,81.27076
36978,81.267555
282318,81.2657
360148,81.2634
324701,81.263214
86052,81.2625
72058,81.26195
239953,81.25925
357439,81.25272
353645,81.250824
186919,81.24904
183287,81.24467
84818,81.243454
125613,81.24271
305994,81.24198
139890,81.240944
228653,81.24081
192175,81.237976
352513,81.23613
321156,81.235596
86392,81.233826
125497,81.22836
223288,81.2232
364103,81.22193
373954,81.22141
194414,81.21925
219520,81.21683
244127,81.21588
69745,81.21515
300571,81.21393
158856,81.21266
275817,81.21157
311719,81.20983
496,81.20632
198572,81.20569
374710,81.20345
21952,81.20342
269306,81.201485
229388,81.19561
97147,81.19295
338,81.19147
40986,81.19049
66643,81.18822
170458,81.188194
158837,81.186226
96465,81.185524
218545,81.18195
276340,81.18027
175723,81.17945
269284,81.178856
293205,81.17453
184436,81.17443
11903,81.17343
161340,81.16978
282342,81.1685
144077,81.16816
282718,81.168015
94838,81.16671
147553,81.166336
155792,81.16569
46395,81.16342
141751,81.158806
300525,81.158806
3153,81.15663
80843,81.155624
71897,81.15407
116091,81.153656
298191,81.15363
37386,81.15251
358125,81.15231
21617,81.14732
34618,81.145676
123273,81.145615
319805,81.14488
160798,81.143394
136054,81.143234
203043,81.14224
248805,81.142204
80629,81.14179
73291,81.13893
36694,81.138916
266608,81.13783
65985,81.13712
189460,81.13515
28688,81.13489
331897,81.132744
77473,81.13106
101088,81.12845
187772,81.12683
4036,81.126495
145047,81.12288
317000,81.1227
218950,81.12052
250350,81.1205
96834,81.12
65848,81.11977
43189,81.11684
276238,81.11575
29746,81.115746
284196,81.11307
147306,81.11077
64335,81.105644
248050,81.10262
288237,81.10197
79143,81.10184
233044,81.10145
32724,81.09756
15605,81.09727
221535,81.09389
245112,81.09336
99462,81.08786
176174,81.08757
192849,81.08744
229894,81.086525
269994,81.08288
174901,81.08094
4370,81.07935
85084,81.07513
119673,81.07333
243790,81.07211
7771,81.07069
123383,81.0706
189537,81.06676
315933,81.064354
330396,81.0643
22365,81.058914
342261,81.05795
92915,81.057915
152464,81.05674
236228,81.055214
162162,81.05254
129301,81.051346
62727,81.04714
133117,81.04147
114805,81.0413
318498,81.04024
260923,81.03949
177212,81.033485
47430,81.03314
305916,81.02586
297842,81.02432
181633,81.02354
177451,81.01881
145370,81.01779
262434,81.01656
147690,81.016365
158780,81.0161
148939,81.01227
233652,81.01195
134208,81.01063
226267,81.0085
4943,81.00774
5008,81.00689
361551,81.0064
258657,80.998924
301621,80.997154
31584,80.99339
38851,80.993
82825,80.99273
323217,80.991806
118668,80.98902
58883,80.98785
225702,80.98745
250999,80.98493
291560,80.984695
233603,80.983345
85822,80.982376
345979,80.98042
257933,80.97877
4493,80.97705
152271,80.97407
240795,80.97202
272431,80.97163
204257,80.97081
190790,80.97002
358502,80.96879
141698,80.966156
196244,80.96319
260717,80.96014
275306,80.958046
305535,80.957855
17697,80.95607
16448,80.953354
126982,80.95244
322272,80.94918
237420,80.94863
113128,80.9476
222058,80.94677
42818,80.94536
142139,80.94485
280819,80.943016
21741,80.94235
149534,80.93867
84701,80.93824
194074,80.937996
66911,80.93599
305783,80.934525
280937,80.928795
285548,80.92714
85548,80.926994
210476,80.923195
13765,80.91668
372587,80.91578
254055,80.91529
207899,80.91272
1490,80.912506
66883,80.908966
195209,80.905045
57553,80.90424
228441,80.90227
347766,80.90125
93702,80.90071
493,80.896774
130043,80.8962
37778,80.89618
39885,80.893906
36684,80.893684
23506,80.89323
191730,80.8929
4428,80.892525
254527,80.89226
322075,80.889435
36643,80.88882
323121,80.88527
232604,80.88357
342095,80.882866
151647,80.878235
150363,80.87537
186175,80.87159
6927,80.86439
140426,80.86067
218478,80.86
163426,80.85812
54581,80.85748
65055,80.85727
228565,80.85443
164602,80.85039
324429,80.84999
281815,80.84768
309631,80.84635
207844,80.8456
164684,80.84435
48797,80.843956
211881,80.84301
189721,80.842384
150416,80.840706
321146,80.840324
82850,80.84029
323839,80.84021
335497,80.84013
128162,80.83971
47401,80.83759
231320,80.835625
332156,80.8352
162501,80.83487
74784,80.83023
237753,80.829
239723,80.82873
27392,80.825516
41997,80.824356
7445,80.82297
75979,80.82154
105111,80.82148
112501,80.817665
190393,80.81742
340201,80.81588
350294,80.81496
174150,80.81411
338988,80.8109
303092,80.8096
132621,80.80895
88107,80.80881
65991,80.80496
62629,80.80252
370407,80.79965
15384,80.7962
111125,80.793495
104462,80.791214
321648,80.79037
167074,80.79016
13,80.7885
58843,80.78732
35707,80.78691
32976,80.78334
208812,80.78179
367421,80.77333
159446,80.77302
308204,80.77122
6097,80.771065
371778,80.76909
289371,80.76602
196614,80.76459
146352,80.76452
305486,80.76236
26907,80.755646
345662,80.75515
40401,80.75402
381,80.75332
193997,80.7522
367101,80.75189
5655,80.75082
135727,80.75075
48888,80.75055
51301,80.74903
293062,80.748276
148746,80.7464
213104,80.74424
60238,80.74136
372352,80.74078
222453,80.73823
151178,80.7378
165621,80.73134
9170,80.73023
261437,80.72898
252891,80.728134
124210,80.72667
125383,80.726295
281540,80.724686
196109,80.7222
364491,80.72156
52469,80.72125
315515,80.71754
196883,80.715324
33616,80.71264
184585,80.711655
316172,80.710045
373407,80.708855
44551,80.70557
246616,80.70551
324200,80.7044
35741,80.70324
348096,80.70294
286676,80.70165
340163,80.70106
93707,80.69888
143158,80.698814
173802,80.69871
189785,80.69777
190302,80.6968
102388,80.69494
278014,80.69448
92712,80.69355
85938,80.6934
9066,80.68561
308226,80.68482
98954,80.68334
248493,80.68137
342825,80.67679
340621,80.67469
18668,80.67181
139304,80.67081
308607,80.670555
106359,80.66865
294421,80.66784
251803,80.66466
277977,80.66388
81145,80.66205
201487,80.66182
219887,80.66151
243942,80.66048
115582,80.659615
19094,80.65954
48751,80.65795
327354,80.65494
36371,80.65484
55267,80.65349
315061,80.65349
29675,80.646965
290533,80.64696
4329,80.64653
367912,80.6453
49016,80.644554
112941,80.6436
207348,80.6427
101595,80.63872
236254,80.63257
189575,80.631744
158067,80.63137
275353,80.62892
56426,80.62317
251768,80.621506
204558,80.62043
184282,80.619934
25386,80.61835
203494,80.61728
254215,80.61602
18719,80.61572
357068,80.61534
187536,80.6115
3445,80.61144
167089,80.60574
134643,80.60534
290182,80.60505
135353,80.60428
195085,80.60237
299241,80.60212
294524,80.59898
143314,80.597694
94380,80.5959
56669,80.59172
8710,80.588486
79142,80.58685
252858,80.58681
333303,80.58248
312573,80.58242
236372,80.57925
254384,80.5785
35198,80.57742
205567,80.57688
296967,80.575356
330774,80.567764
54658,80.566284
113657,80.56583
225084,80.5615
347924,80.556175
262472,80.55602
322324,80.55596
271469,80.55412
52506,80.55262
204861,80.55204
211768,80.54974
246842,80.54901
320360,80.548904
181595,80.548775
185573,80.547585
4440,80.54723
357137,80.54671
186039,80.54622
346623,80.54285
127862,80.54014
39127,80.53939
336047,80.53891
294150,80.53801
162990,80.537346
305084,80.53691
312333,80.536
319517,80.53071
248115,80.53011
293654,80.529594
185920,80.52742
340242,80.52724
358287,80.526955
294331,80.52454
217954,80.52325
241938,80.52271
14305,80.52201
280414,80.51993
299172,80.51895
44465,80.51824
241632,80.51663
180348,80.51413
12543,80.51251
155857,80.50589
336036,80.5058
358791,80.5055
249077,80.50504
6665,80.50224
329017,80.50208
339381,80.500336
40827,80.49944
352854,80.49865
327011,80.49745
359550,80.49431
111883,80.49193
300403,80.49103
315484,80.49008
26165,80.48968
222624,80.4894
110572,80.48784
143074,80.48649
336911,80.48559
249131,80.48536
83195,80.482315
31535,80.477516
276000,80.47606
192734,80.47339
79982,80.47245
50121,80.470024
319834,80.46951
346042,80.46824
195783,80.46659
209124,80.46644
72591,80.46502
347844,80.464935
43222,80.46432
168468,80.459076
307431,80.4559
14522,80.45391
212009,80.45356
166250,80.45336
8482,80.45279
200252,80.45136
22172,80.4498
6738,80.44976
287428,80.44905
50875,80.44845
278898,80.44653
79382,80.44539
83089,80.44211
202478,80.44127
161039,80.437294
181235,80.43719
106941,80.43043
357864,80.430405
9124,80.429375
96857,80.42923
17982,80.42699
121604,80.42558
327495,80.42549
205399,80.4251
340167,80.42225
255034,80.41909
33401,80.4162
50211,80.416084
228416,80.4143
363965,80.41382
26617,80.411064
21556,80.41001
227779,80.40845
2178,80.40653
279300,80.40616
265447,80.39701
35060,80.39604
190301,80.394875
136215,80.38654
97626,80.38455
4226,80.38357
354857,80.38277
315339,80.3802
343956,80.38008
205313,80.37888
286693,80.37703
312396,80.37605
192494,80.37456
61079,80.3732
293166,80.37304
240800,80.37037
357625,80.36936
92702,80.36509
249471,80.36284
328513,80.361855
137059,80.36157
52972,80.358444
341805,80.35778
47735,80.35603
272726,80.35369
250310,80.3524
177334,80.351074
250242,80.35077
45244,80.34812
57585,80.34625
295947,80.344444
130463,80.34428
215788,80.34038
37776,80.33931
329551,80.33368
196711,80.32751
363033,80.32168
308300,80.32153
36554,80.31752
177563,80.313835
213315,80.31058
81228,80.309166
176592,80.30569
316917,80.29918
15794,80.299034
207958,80.29815
315418,80.29488
157232,80.29176
81242,80.290245
363787,80.287964
696,80.2873
170786,80.28644
22351,80.28501
14555,80.28112
332952,80.28062
356390,80.27941
329280,80.27869
184072,80.275185
225350,80.27252
201442,80.27037
358418,80.26868
310944,80.2678
356546,80.26637
218885,80.262955
304600,80.261795
96155,80.26032
5145,80.25883
41513,80.25387
21068,80.25253
317108,80.251366
238258,80.25124
28785,80.25115
254669,80.25031
27864,80.24927
2228,80.24766
186032,80.24552
26470,80.24377
295924,80.24312
235719,80.24137
345612,80.24111
24773,80.24058
319161,80.240425
178645,80.237206
153849,80.2359
122704,80.23547
355590,80.23527
25561,80.234634
88679,80.23231
340178,80.231255
275578,80.229744
18060,80.22906
317615,80.226776
6839,80.22625
57592,80.225975
142411,80.22113
23503,80.219894
228356,80.218254
313297,80.215416
308746,80.21507
324025,80.21385
111809,80.209496
62533,80.196655
293143,80.1958
269769,80.19447
153882,80.19434
296921,80.19176
236773,80.187706
240484,80.18677
181116,80.185684
21511,80.18525
330178,80.185036
353745,80.18464
199299,80.1805
62745,80.17975
30591,80.17895
24819,80.177055
131146,80.17613
297766,80.17418
363947,80.173416
79831,80.17197
123051,80.17151
125557,80.17014
332428,80.16927
113658,80.1677
190454,80.16713
335176,80.16541
182502,80.1642
306693,80.16161
338281,80.16055
228190,80.158035
8305,80.158
246031,80.156906
184428,80.155655
223048,80.151566
177569,80.151344
172194,80.14848
29734,80.1454
373484,80.14518
177735,80.14379
251588,80.14199
322155,80.139496
370473,80.13887
18529,80.13879
232354,80.13805
199762,80.13262
176437,80.12835
208580,80.12668
212733,80.1252
99813,80.11951
182668,80.119064
334347,80.1178
196525,80.11417
20683,80.11401
372101,80.11375
336419,80.11218
207546,80.11016
178530,80.10835
71009,80.107155
129998,80.1071
130206,80.104164
115611,80.0948
221184,80.0903
21406,80.0898
309401,80.089615
269359,80.0872
324774,80.08702
199972,80.086464
36552,80.08509
218887,80.08275
177590,80.08185
296930,80.08172
163588,80.0805
299033,80.0796
14196,80.07845
350385,80.07844
26277,80.07474
347390,80.06576
274028,80.06478
59663,80.05996
284247,80.05482
351205,80.05102
119738,80.05016
183422,80.046715
256838,80.03838
123193,80.0382
126645,80.03788
55124,80.03418
257164,80.03398
32955,80.0323
21473,80.032196
204617,80.03127
162883,80.0308
150526,80.02973
182160,80.02536
299030,80.02293
289978,80.02147
15294,80.01943
22575,80.01406
172572,80.012726
95554,80.01262
16053,80.00797
188827,80.00766
77756,80.00637
217587,80.00603
37444,80.00269
347110,80.002174
369081,80.000465
300056,79.99958
34607,79.99826
287682,79.998215
319992,79.996925
35461,79.98958
163843,79.98871
366492,79.988014
4532,79.98728
29341,79.98648
241378,79.98604
45745,79.98338
204088,79.98241
180161,79.97271
174354,79.97147
334671,79.96907
226045,79.96106
341084,79.96007
369939,79.95903
341,79.95897
5000,79.95374
68782,79.95305
38569,79.95189
153027,79.94985
313604,79.94774
38764,79.94725
276434,79.94689
360691,79.94606
116456,79.94357
290258,79.94142
197947,79.93714
291255,79.935555
31057,79.93373
64989,79.93352
226225,79.92625
101488,79.92533
213137,79.9237
138548,79.92095
72402,79.91776
46456,79.91619
5394,79.915016
35478,79.913864
285277,79.91236
128746,79.90875
36236,79.90874
193305,79.908485
336820,79.90819
303074,79.90816
358644,79.90375
285105,79.90283
186371,79.898964
375150,79.89811
26430,79.89709
310576,79.89637
68087,79.894554
63907,79.89361
297752,79.89173
140509,79.88829
273504,79.88558
262859,79.88165
333078,79.879944
77591,79.879196
223034,79.87773
246425,79.87481
233954,79.87357
288281,79.8721
243163,79.87029
336676,79.8697
175240,79.869576
267654,79.86932
302114,79.86929
59601,79.86861
180612,79.85974
13546,79.85821
267990,79.85799
68146,79.85473
158270,79.85284
154498,79.847694
228147,79.8468
75405,79.84665
26107,79.846436
266682,79.84559
205478,79.84353
208626,79.83875
374585,79.83493
308091,79.83413
180210,79.833305
167202,79.82866
30208,79.827934
31671,79.8255
315301,79.824844
23438,79.82404
203808,79.823906
236214,79.82315
261264,79.82307
209897,79.82239
71749,79.82147
332947,79.818596
327485,79.81175
50511,79.81027
356258,79.80808
232848,79.80673
191387,79.804695
234827,79.80371
357424,79.803566
51527,79.80294
96672,79.80237
113129,79.80111
313794,79.799644
151310,79.79952
48090,79.79786
62543,79.796196
31514,79.79422
335928,79.790794
88211,79.7907
260948,79.79018
273207,79.78887
297670,79.78887
208615,79.787186
370723,79.786606
226906,79.78358
139372,79.77916
114103,79.77572
245633,79.77397
39575,79.77027
294506,79.768936
327444,79.76668
30536,79.76584
63952,79.7644
191953,79.76299
279853,79.76158
84348,79.758995
10754,79.75887
44176,79.756294
242993,79.75569
204471,79.755066
180917,79.74965
195256,79.74718
107706,79.74534
285904,79.74416
117907,79.743904
111202,79.74148
64316,79.74029
125649,79.73977
217845,79.73892
94195,79.7386
30717,79.73848
64631,79.73407
304060,79.72666
27982,79.72509
159117,79.72452
190699,79.72446
38616,79.71899
174020,79.71781
290413,79.71765
114643,79.71514
22620,79.71434
243977,79.71239
172498,79.7097
228886,79.7094
103025,79.70882
305251,79.707184
181077,79.705246
258937,79.70333
172027,79.70078
236134,79.69992
366792,79.6989
104315,79.69637
80271,79.69532
223174,79.695145
68171,79.6929
12727,79.692764
134749,79.69009
182658,79.68732
366159,79.683754
295578,79.681915
365146,79.68105
216244,79.67995
298730,79.679085
112116,79.678604
18525,79.67763
285056,79.6772
347538,79.67702
246338,79.67247
301863,79.67076
227850,79.67029
136949,79.670135
328772,79.66603
4212,79.66562
175685,79.6656
360925,79.66518
171811,79.66247
276462,79.66182
54498,79.66138
48306,79.66098
321669,79.65872
84732,79.65726
261830,79.65384
363650,79.65278
324073,79.65163
206711,79.65062
116582,79.647575
96249,79.64522
224994,79.64162
83731,79.63955
3120,79.63766
351045,79.63704
297366,79.6346
281612,79.63451
102603,79.63273
28318,79.632454
310355,79.63161
244518,79.62799
196884,79.626015
318379,79.62579
45494,79.62486
319748,79.624214
196415,79.62338
123052,79.621056
84207,79.61835
293559,79.61821
105604,79.6174
218307,79.6164
180806,79.61592
279909,79.6135
13276,79.613205
256204,79.611786
358887,79.61106
54047,79.61
124522,79.60951
279887,79.60411
14211,79.60046
275842,79.59957
246846,79.59809
58684,79.59212
177604,79.590385
209407,79.59038
187080,79.589294
342377,79.586655
41001,79.5847
63573,79.58305
140761,79.58244
181246,79.58223
370037,79.58197
38909,79.57499
152534,79.5728
314725,79.571144
337204,79.57052
54734,79.57036
31158,79.569046
374323,79.569
253117,79.56706
98581,79.56483
202508,79.56338
190177,79.56226
359362,79.55665
51406,79.554504
243254,79.552376
39516,79.550476
239474,79.549095
330840,79.54905
11852,79.54747
341420,79.5444
356662,79.53919
100359,79.52928
205618,79.52734
96473,79.52717
229665,79.52502
113458,79.52454
65904,79.5237
151085,79.52162
363190,79.5196
29464,79.51901
216932,79.51735
147053,79.517006
3628,79.51666
248043,79.51576
19363,79.51537
317928,79.51462
290412,79.514465
100117,79.51325
2404,79.51255
225831,79.51159
100007,79.506516
5621,79.50479
241595,79.504616
69773,79.502304
210134,79.50208
286649,79.49806
306798,79.49787
190394,79.49765
251927,79.49395
283707,79.4915
62381,79.491104
148084,79.49031
229777,79.4896
370879,79.4892
273670,79.48706
308494,79.48574
22561,79.48444
234086,79.48115
2607,79.48059
180038,79.478264
343047,79.47794
4313,79.477516
365566,79.47641
275675,79.47588
349437,79.47195
303294,79.47055
231060,79.46932
197381,79.46706
283094,79.46696
36844,79.46259
122041,79.46178
312421,79.45905
83645,79.45634
168681,79.455956
337001,79.45545
44982,79.45517
4289,79.45271
235247,79.451385
44976,79.44998
336241,79.44744
117384,79.446075
209212,79.44443
272997,79.44233
5107,79.4393
313149,79.43675
42231,79.43641
290335,79.43429
233415,79.43205
26314,79.42821
259568,79.42585
367,79.42534
224934,79.42448
157945,79.42149
12623,79.41958
364141,79.41693
268691,79.40984
190802,79.40936
278673,79.40704
336890,79.40237
7312,79.39388
327464,79.39232
293364,79.39165
327573,79.389694
249249,79.389145
318883,79.389145
13545,79.38847
157519,79.38127
338957,79.379135
33152,79.37846
130076,79.37841
124123,79.37279
261772,79.370636
125522,79.36975
319690,79.36566
250718,79.36564
41,79.3644
42,79.3644
96653,79.362404
349433,79.3613
91291,79.360275
82952,79.35438
430,79.34822
222012,79.34711
231614,79.34709
323904,79.34683
236793,79.34545
4386,79.343544
266676,79.3396
231615,79.33912
338279,79.337875
35054,79.33521
243220,79.331635
323653,79.330925
143058,79.33011
4390,79.329445
318337,79.32901
291021,79.32367
8790,79.32276
282116,79.320274
64386,79.31803
93968,79.317955
146926,79.317825
248557,79.3177
294220,79.31059
11173,79.30431
347491,79.301605
31407,79.30023
182865,79.299675
199475,79.29875
292602,79.29861
45743,79.29779
271522,79.29649
307786,79.29541
259362,79.29393
170477,79.29374
350062,79.28858
339910,79.28736
294246,79.27934
198686,79.27841
280343,79.27764
297719,79.271904
200181,79.26845
318039,79.267296
47856,79.26677
75730,79.26569
308949,79.265434
302412,79.263145
63874,79.26265
195816,79.262245
84935,79.26079
245684,79.25825
308481,79.253
222543,79.25221
394,79.25209
371482,79.25199
323933,79.25145
142805,79.25095
140516,79.24927
133400,79.24871
4278,79.24702
8907,79.24554
292643,79.24411
178785,79.24401
26946,79.2418
290198,79.24136
10729,79.24095
82693,79.23907
136702,79.23785
236660,79.236824
269459,79.23503
78776,79.22696
88090,79.22696
374122,79.225815
347141,79.22463
59322,79.22186
199892,79.2208
213083,79.21904
235728,79.21731
324185,79.21539
336164,79.21415
366030,79.2131
299308,79.21001
423,79.20898
340506,79.20614
184125,79.205696
362885,79.20533
38275,79.20457
201269,79.20371
41272,79.20345
245361,79.20066
121497,79.200195
262013,79.19746
134073,79.19741
317540,79.19723
115725,79.196815
373729,79.191536
64695,79.188995
347289,79.18696
208611,79.18656
30080,79.186516
280943,79.18629
311469,79.18338
155311,79.181625
374547,79.17968
58338,79.17886
294655,79.17747
224169,79.175995
163299,79.17349
10925,79.17156
210006,79.169525
103517,79.168945
202842,79.16796
22090,79.166565
206150,79.16507
13473,79.16503
70635,79.164894
298195,79.16423
2481,79.16391
147662,79.16038
10556,79.15997
154477,79.15851
253660,79.15824
256188,79.15608
40444,79.154106
339930,79.15061
285352,79.15025
184892,79.14836
306590,79.14732
116522,79.143875
81847,79.14283
189799,79.142235
295536,79.13932
191815,79.138504
175558,79.137665
198219,79.13719
309023,79.13708
333686,79.13654
202708,79.13329
246137,79.123276
150487,79.12265
317351,79.12189
3326,79.12049
91178,79.117134
257206,79.11659
74059,79.11533
335371,79.11504
272059,79.11487
359217,79.11451
329667,79.11373
249671,79.11246
273902,79.112114
366957,79.108826
340451,79.108315
187748,79.10783
17744,79.106926
28485,79.10618
60308,79.10488
34675,79.1003
38691,79.099464
272636,79.09875
287355,79.09754
229929,79.09493
338944,79.09248
191910,79.09246
303568,79.090515
4126,79.08865
260033,79.08646
131619,79.08429
69995,79.08424
50058,79.08245
310629,79.08168
368175,79.0783
235600,79.07708
184635,79.0756
133293,79.07379
42895,79.07354
2246,79.07186
375043,79.07166
81198,79.0713
177023,79.06737
300576,79.06726
28421,79.06704
315555,79.06556
261656,79.06193
31228,79.061714
359326,79.06036
242079,79.05949
106311,79.05915
317341,79.0591
57032,79.05905
360251,79.05902
87699,79.05841
233051,79.05833
355680,79.05819
65878,79.0572
267091,79.05699
335848,79.05648
55491,79.05612
70960,79.05452
36872,79.05371
213931,79.05259
229032,79.051765
263184,79.05133
296372,79.05124
145141,79.04958
197802,79.041725
173856,79.04012
155878,79.03737
330514,79.036316
340186,79.032814
232143,79.03265
168001,79.03225
37633,79.02958
243700,79.02491
107212,79.023834
127257,79.02271
354295,79.020065
222175,79.019585
308698,79.018936
365701,79.01826
156067,79.01816
244589,79.0181
136766,79.01558
237220,79.00937
339539,79.00848
188867,79.0078
94729,79.00755
112773,79.007355
306486,79.0022
224109,79.002
366,78.99817
241498,78.99755
299849,78.99687
359921,78.99605
120266,78.99483
332446,78.99424
71851,78.99218
81240,78.99148
326903,78.9902
143620,78.98958
123359,78.98853
263900,78.98804
266082,78.98714
335635,78.986885
218328,78.98219
255004,78.977325
257620,78.97379
162528,78.972374
333932,78.96995
27413,78.968834
306062,78.968475
213475,78.967255
59155,78.96668
329608,78.96446
209106,78.9643
228045,78.96275
199893,78.96077
273538,78.95901
161716,78.9586
73032,78.95769
237506,78.9489
4379,78.94785
153821,78.94751
80453,78.94458
242558,78.9437
55538,78.94284
170183,78.94237
314536,78.93786
240667,78.93061
245433,78.93022
268396,78.92826
348428,78.92788
280918,78.92636
354532,78.923775
68863,78.923546
124570,78.92122
291120,78.92118
305330,78.92097
153455,78.91466
276320,78.91329
195882,78.91313
28405,78.91085
78068,78.90908
396,78.90812
214542,78.90562
373155,78.90456
39386,78.90135
90410,78.89506
3453,78.89266
185190,78.89122
73486,78.88939
98558,78.88697
71521,78.8868
47462,78.88556
83903,78.884514
276559,78.88271
359946,78.88085
367404,78.87623
291412,78.87315
21025,78.87249
141679,78.87029
223330,78.868576
319447,78.86806
335441,78.864136
361996,78.86024
313018,78.85371
176450,78.85183
2934,78.85095
268908,78.85058
244081,78.849236
211955,78.84843
162582,78.84791
198299,78.8466
204027,78.84653
168800,78.845116
243541,78.84493
56725,78.84462
13820,78.84405
235047,78.84152
200422,78.84141
143541,78.83985
183045,78.83902
31786,78.83885
306869,78.83383
6542,78.83248
358491,78.82758
33403,78.826355
188858,78.82625
177185,78.82334
227225,78.820045
158402,78.817665
99465,78.817566
162041,78.81667
181758,78.81531
106332,78.81063
237546,78.80938
239008,78.80691
345643,78.806885
104101,78.806274
163748,78.80371
336558,78.80317
98075,78.80314
269722,78.80229
267794,78.80141
168386,78.801216
362753,78.800446
5892,78.7966
77225,78.7943
9692,78.79341
162637,78.79189
32330,78.79161
112527,78.79053
7755,78.789734
51802,78.78902
44996,78.785126
332510,78.78323
244158,78.78176
153443,78.78138
163338,78.78114
120714,78.779686
37455,78.77897
235647,78.770645
77898,78.77013
78138,78.768005
303554,78.76762
234486,78.766045
176184,78.76496
357591,78.762535
138193,78.762436
120115,78.76096
301080,78.759575
18155,78.75949
65794,78.75732
60550,78.75675
81325,78.75641
141258,78.75527
23085,78.75516
210278,78.75315
224366,78.752785
313520,78.75024
3440,78.74874
45646,78.74609
244096,78.74591
246118,78.74409
113390,78.7429
105844,78.742386
281264,78.741936
20358,78.74091
19045,78.73783
65240,78.7358
1588,78.73507
176589,78.73495
58779,78.733536
21194,78.73268
194722,78.73174
313651,78.72997
4384,78.7283
101928,78.72774
16202,78.72691
100243,78.72644
98353,78.71866
296107,78.71782
313217,78.71714
306271,78.71583
258434,78.71355
249958,78.71255
352478,78.70905
291600,78.70625
317733,78.70402
283592,78.70389
48472,78.70322
192176,78.70217
316330,78.69998
267762,78.69891
30915,78.69867
85336,78.695496
311857,78.69461
338413,78.69384
79420,78.69176
10303,78.690125
323906,78.68638
212031,78.68455
162097,78.68395
26284,78.681175
210564,78.680595
173681,78.67769
371529,78.6755
328556,78.67405
231848,78.673836
28898,78.6725
137091,78.67013
46737,78.668015
329706,78.66343
147477,78.660515
14724,78.65936
76850,78.6589
144837,78.65631
319545,78.655685
216992,78.65344
200579,78.65312
209742,78.65222
170585,78.64973
323178,78.64947
86756,78.64944
313653,78.64854
96180,78.648224
140279,78.645386
191604,78.64514
246453,78.64444
83666,78.643524
215359,78.643425
144770,78.642296
182110,78.641075
288897,78.6397
322742,78.63868
203902,78.63814
142899,78.63771
290386,78.63484
287032,78.63375
76560,78.63288
295822,78.63273
57259,78.63243
84890,78.630875
38609,78.629906
301038,78.627525
96400,78.623474
161568,78.62336
13476,78.62178
213783,78.62111
5883,78.61997
201355,78.61774
4691,78.615074
93424,78.61433
219452,78.61365
352440,78.61337
257782,78.6093
33352,78.606995
81288,78.60655
265508,78.60555
105242,78.60519
222875,78.60257
289937,78.60203
41324,78.60092
287494,78.59755
123779,78.59617
105688,78.59337
273957,78.59123
203404,78.5885
6662,78.58808
240122,78.58781
275481,78.58775
336801,78.58636
280352,78.58476
25040,78.58277
20709,78.58175
292890,78.58145
301422,78.5806
369886,78.57841
129364,78.57769
160010,78.577644
4434,78.57746
171967,78.57744
178975,78.57641
355712,78.575165
38516,78.57408
249788,78.56952
84679,78.56832
184950,78.56642
334619,78.56579
240184,78.56152
212010,78.561356
105819,78.560585
25825,78.55689
93848,78.556564
330814,78.55656
157114,78.55611
313883,78.55602
342824,78.55361
263496,78.55146
308912,78.55058
145270,78.55016
324907,78.54816
976,78.547104
315170,78.54601
292308,78.545654
275670,78.54539
292284,78.54322
21709,78.54285
209672,78.54194
56933,78.541565
361143,78.54065
40608,78.53827
9110,78.536896
133489,78.53533
31110,78.53303
99905,78.53072
45945,78.52822
170482,78.527954
323282,78.52763
334753,78.52641
225891,78.52592
211205,78.52516
51311,78.52494
332396,78.52473
44623,78.52407
185237,78.52295
234413,78.52272
245319,78.5202
206430,78.519165
232271,78.51862
224696,78.51805
346679,78.51804
155781,78.51646
244807,78.51454
48110,78.51388
120859,78.51346
21957,78.51047
2214,78.50998
281091,78.50987
139418,78.50829
294997,78.50245
191196,78.502426
362715,78.500984
276562,78.499985
181223,78.49833
35763,78.49622
221181,78.494865
12505,78.49355
288493,78.49222
337338,78.49166
274714,78.49153
211948,78.49148
150872,78.49072
62287,78.4901
373430,78.48798
43883,78.486115
160994,78.48185
244705,78.48069
19914,78.48054
115056,78.4794
292348,78.47744
185793,78.47504
371213,78.47265
359642,78.46907
92711,78.46612
330231,78.46574
289749,78.46457
203433,78.463615
110555,78.46288
222969,78.4626
295048,78.46135
207370,78.459526
284303,78.45815
301768,78.45758
76184,78.457436
456,78.45707
104804,78.45593
265658,78.45432
261833,78.453354
253764,78.450356
321627,78.44934
161920,78.444336
17144,78.443245
221505,78.443245
182346,78.442505
169014,78.44112
365569,78.43732
97162,78.43408
85554,78.43196
348846,78.431114
282511,78.430435
366935,78.429695
230788,78.42568
13558,78.42193
289692,78.41955
335526,78.41257
181187,78.41228
51670,78.41068
269365,78.40986
219899,78.40755
228868,78.40702
131376,78.4068
160611,78.4046
227075,78.4045
369111,78.40432
6714,78.40428
14949,78.397285
369015,78.39629
22650,78.39456
271452,78.39332
148498,78.390785
127171,78.390015
67619,78.38936
19665,78.387085
28290,78.38647
240764,78.38644
257261,78.38562
163035,78.37733
10501,78.37721
217766,78.37697
332487,78.376366
256303,78.37185
110744,78.369415
374868,78.36627
276256,78.3646
292566,78.3637
141741,78.362495
339848,78.36066
28397,78.35855
375334,78.35733
88227,78.35717
143238,78.35629
30004,78.35624
287466,78.35428
352774,78.34791
225669,78.34729
280111,78.34652
375527,78.345695
182121,78.3454
1159,78.34506
250747,78.34298
83984,78.34218
69266,78.339424
254722,78.33879
90877,78.336815
119007,78.33448
30533,78.33076
280345,78.33066
42650,78.328575
331722,78.32741
213087,78.32706
299072,78.3257
37078,78.325424
310425,78.32474
164120,78.32352
234492,78.32159
287202,78.32098
74303,78.31858
352970,78.31807
363963,78.31745
47707,78.31726
236251,78.31715
211096,78.31677
246644,78.31632
221143,78.31269
293500,78.31266
357539,78.31049
353871,78.30996
158783,78.30736
10678,78.3065
152353,78.3062
20041,78.305115
225941,78.30423
38422,78.30354
211571,78.30198
16245,78.30161
356427,78.30153
226791,78.30127
207497,78.29867
182115,78.29837
9777,78.29783
215442,78.29242
77832,78.29053
216155,78.288826
195899,78.288414
254309,78.284836
108454,78.28291
277425,78.28244
244398,78.2797
4334,78.2795
145352,78.27918
72789,78.275055
109842,78.27406
14676,78.27395
162465,78.27275
186213,78.27157
106753,78.27051
164659,78.27028
284371,78.26913
151130,78.26816
295424,78.26807
322126,78.267204
278684,78.26674
163274,78.26585
344969,78.264595
19033,78.264015
38209,78.26386
1553,78.259926
336547,78.259384
219179,78.25881
51677,78.258514
47591,78.25805
240107,78.254524
370166,78.24869
195047,78.247856
122688,78.2465
5100,78.24595
292590,78.24415
266501,78.242195
265181,78.24061
55418,78.24052
295246,78.23996
284772,78.239655
121644,78.23955
10039,78.23855
333344,78.23763
180020,78.23744
360091,78.23736
42592,78.2372
245110,78.235275
120610,78.2352
3399,78.234856
94452,78.23278
28593,78.23214
328497,78.22864
28168,78.22788
40234,78.227646
262523,78.22744
18753,78.225464
40761,78.22494
231266,78.21889
42015,78.21539
237833,78.214226
245593,78.21378
55768,78.21231
94194,78.21114
42116,78.21092
62486,78.210304
33109,78.20862
71499,78.206985
296501,78.205574
189846,78.20524
272354,78.203255
79415,78.20268
66169,78.202194
364365,78.20199
44696,78.19989
16900,78.19927
141197,78.19785
350462,78.194756
207214,78.193436
186982,78.19186
30243,78.18949
290517,78.18888
3921,78.188515
315807,78.18652
71767,78.184784
329281,78.184166
288896,78.1792
276826,78.177605
256381,78.17633
110913,78.17596
294887,78.175415
131218,78.17414
320966,78.17242
224242,78.171616
31229,78.17082
197140,78.17033
282716,78.16762
270152,78.166534
10398,78.16426
33904,78.163635
333863,78.16334
118020,78.16025
252472,78.1572
167946,78.15509
210500,78.1549
141308,78.154305
270660,78.15327
4272,78.15059
339234,78.14903
52059,78.14775
239242,78.1467
339704,78.14541
105536,78.13969
171242,78.13926
143369,78.13901
115088,78.13808
106744,78.135605
238120,78.1328
218912,78.13225
159202,78.13173
14588,78.13129
256089,78.13064
135169,78.13036
241082,78.12815
104055,78.128136
338781,78.12462
178792,78.123795
264112,78.12259
264250,78.12103
186811,78.12036
12931,78.11794
126208,78.117165
208880,78.116295
362081,78.11502
53487,78.112656
33875,78.11108
744,78.10916
138306,78.10894
260251,78.1089
175548,78.10684
42202,78.10533
328830,78.100334
305720,78.09942
216764,78.09886
123297,78.098526
31355,78.098274
297114,78.09799
65769,78.0925
250620,78.09218
246851,78.088005
348433,78.08674
322985,78.08628
368204,78.08571
254349,78.08563
26636,78.08107
69981,78.08005
178783,78.07977
79943,78.0783
268599,78.07523
270264,78.07451
192033,78.07276
67041,78.07089
292433,78.06703
303839,78.06572
6824,78.06481
66631,78.06296
42050,78.06226
18551,78.06111
171884,78.05979
313071,78.05856
203338,78.05812
296204,78.05756
76029,78.05739
294151,78.05491
156940,78.05273
3311,78.051
4773,78.04943
217735,78.049255
45851,78.048775
253390,78.04799
24948,78.04783
7719,78.04709
36526,78.04615
220139,78.044106
118133,78.04338
29677,78.04246
214478,78.03819
277756,78.03785
23747,78.036224
43925,78.03435
263871,78.02828
311445,78.02503
222270,78.024956
296837,78.024734
181035,78.023735
324069,78.01976
91296,78.0178
357233,78.01763
311371,78.016235
253087,78.01345
366581,78.00665
4238,78.00637
52412,78.00575
152765,78.004715
272307,78.004684
61759,78.00282
305183,78.00085
69654,77.99698
33728,77.996826
242694,77.99445
167175,77.99322
260315,77.993126
274891,77.99308
19488,77.99111
244033,77.98898
110501,77.98819
254354,77.98806
10660,77.988014
328836,77.987656
345292,77.98751
48818,77.986404
145982,77.985916
367042,77.98478
326589,77.98422
194538,77.98295
16563,77.97853
291900,77.97777
50329,77.97669
265463,77.976295
118013,77.975914
39471,77.9758
178497,77.97496
82820,77.97438
13997,77.97265
119577,77.97037
247099,77.969955
2479,77.969215
78476,77.96819
307733,77.965416
270323,77.96457
347199,77.96193
293979,77.95932
179418,77.9577
368443,77.95495
260317,77.95264
57360,77.951836
165394,77.95008
307007,77.94968
332685,77.94957
100895,77.94876
166273,77.94692
118564,77.94564
138241,77.94542
204119,77.94406
204897,77.943794
116529,77.94057
126051,77.939354
227903,77.93869
310544,77.93722
8472,77.93655
4274,77.93558
294224,77.93222
61058,77.93198
242453,77.925255
98032,77.92472
98237,77.92368
88863,77.92241
342679,77.92226
299432,77.9216
207609,77.91882
195346,77.91601
65823,77.915535
119212,77.91417
46511,77.91369
247858,77.91172
177219,77.905785
354402,77.90413
194187,77.90357
267715,77.8958
232542,77.89329
356897,77.89254
250355,77.891785
208366,77.89126
61754,77.89088
319873,77.89002
306445,77.88659
338717,77.88331
208813,77.88321
135691,77.88167
30994,77.87894
250662,77.87825
239794,77.877495
104737,77.87484
352373,77.874306
131627,77.86961
2587,77.868965
165438,77.86807
197022,77.86593
182600,77.86393
15601,77.86342
226409,77.86319
88338,77.86244
360504,77.86213
222235,77.86202
863,77.86067
224250,77.86024
182860,77.86016
373147,77.85475
49800,77.851524
116871,77.84702
182194,77.846596
264508,77.8464
123565,77.843735
365486,77.841385
158129,77.839195
43708,77.83713
37969,77.83475
115042,77.834206
346160,77.83164
175192,77.83153
85891,77.83051
255976,77.83016
65826,77.82918
237524,77.82693
171455,77.82604
291885,77.8258
210116,77.82498
25238,77.82347
301915,77.82324
72601,77.82317
241103,77.822464
113385,77.821304
292876,77.812996
121863,77.81284
179974,77.80654
264359,77.806526
26677,77.80527
16953,77.80192
105085,77.80107
233309,77.80075
268890,77.79807
158564,77.79661
62995,77.79645
249214,77.79227
304248,77.79164
252831,77.790825
41673,77.790245
66946,77.790215
3638,77.78959
12071,77.78842
4180,77.78644
52703,77.78502
182170,77.7814
323446,77.78025
334374,77.77958
192428,77.77939
73102,77.77938
14177,77.776535
235790,77.77585
164541,77.77477
322383,77.771286
79705,77.769295
280952,77.768394
85425,77.76326
193189,77.76211
303660,77.76174
196144,77.7616
182893,77.75968
156676,77.75958
35823,77.759575
26431,77.75927
31903,77.75801
169775,77.75707
341166,77.75249
313545,77.75054
344939,77.748505
162678,77.748375
294653,77.74609
173415,77.74566
142434,77.74474
250428,77.744446
269211,77.74383
185064,77.742966
267636,77.74096
229501,77.737686
374722,77.73497
328245,77.73086
43946,77.72859
45765,77.72788
24790,77.72748
278308,77.72748
52633,77.726036
42013,77.72595
296773,77.72575
36745,77.725075
52803,77.724945
112504,77.72422
44365,77.72387
299433,77.720856
59776,77.720764
182190,77.720085
127079,77.719475
104127,77.71693
113441,77.71375
336729,77.71331
4372,77.7121
346908,77.7114
315930,77.709785
102005,77.70488
358708,77.704704
156658,77.703995
287051,77.70171
129150,77.700745
367424,77.69978
203463,77.69684
329824,77.69447
41595,77.68895
13123,77.68864
171453,77.68763
42557,77.68355
261580,77.68252
135323,77.67901
10881,77.67803
375152,77.67707
224870,77.67528
14697,77.67478
156789,77.67403
35723,77.673775
252667,77.672615
98697,77.671745
94420,77.670334
123113,77.667564
185225,77.66167
165475,77.66121
296210,77.660866
345747,77.6593
298231,77.65681
293021,77.656265
340172,77.65573
36303,77.653786
343251,77.65321
252978,77.6506
287837,77.64737
17465,77.64702
189699,77.64685
269363,77.64631
65423,77.64342
174530,77.6393
102528,77.638855
191836,77.633965
14158,77.63244
28563,77.631615
343017,77.63153
44006,77.63083
200037,77.63058
233933,77.62988
127962,77.623215
116484,77.62037
56804,77.61972
333375,77.6163
41729,77.61549
203365,77.611565
304656,77.611015
233281,77.6102
283621,77.608116
352230,77.605774
46731,77.60473
46775,77.60473
76558,77.60452
219797,77.60399
77406,77.603615
11947,77.6016
69256,77.60002
347311,77.599236
265359,77.59734
334465,77.59633
116560,77.59632
326861,77.59573
109433,77.594795
349687,77.5923
221924,77.5914
36588,77.59047
36060,77.590355
357327,77.58772
209094,77.58696
313952,77.58688
11258,77.58632
268440,77.58511
364426,77.58488
35193,77.58399
305798,77.583145
332903,77.58093
250890,77.58066
80105,77.57959
317049,77.57909
12974,77.578575
163583,77.57749
248524,77.57673
371060,77.57661
293976,77.575874
339761,77.5748
36544,77.57477
97309,77.574715
52648,77.57468
4275,77.572945
210875,77.567276
348877,77.56107
102508,77.56051
282076,77.56047
366883,77.55884
339,77.55792
352040,77.55671
47374,77.55582
259040,77.55551
42187,77.55363
6442,77.5505
213507,77.548706
26270,77.54848
241576,77.54734
132287,77.546814
206493,77.54616
32148,77.54553
118651,77.54325
267532,77.54279
202437,77.54156
207413,77.54118
220669,77.54028
111908,77.53951
250338,77.53873
67896,77.533485
56139,77.53103
284202,77.529976
137360,77.529526
42730,77.528725
347263,77.52538
125753,77.52358
75175,77.52012
22,77.52
215945,77.51829
218669,77.51807
316733,77.51696
311143,77.51654
201384,77.51592
64688,77.51447
72118,77.51366
25685,77.51223
49361,77.512054
164619,77.5109
132001,77.50971
42865,77.5088
7013,77.50867
67582,77.50791
74695,77.50735
39695,77.50678
114014,77.50639
286107,77.50606
66445,77.50559
257247,77.504715
89644,77.50448
353955,77.501755
212404,77.50048
251928,77.50045
283805,77.499825
106952,77.49707
332800,77.49452
176767,77.49418
5441,77.49304
115980,77.49277
371056,77.492096
257256,77.491974
182353,77.49183
59501,77.49051
301886,77.4905
238145,77.490036
192429,77.48989
313284,77.48941
139710,77.48781
201391,77.486015
147603,77.4849
284845,77.48245
160378,77.482124
284330,77.48076
246385,77.47999
277747,77.47958
185784,77.477486
156314,77.476906
158648,77.47263
275298,77.46962
177096,77.46943
168988,77.46916
186651,77.467415
192298,77.46609
38384,77.462906
253667,77.46267
243600,77.460846
207502,77.460815
142847,77.46011
108466,77.4589
241019,77.4584
319660,77.45515
252398,77.45269
4758,77.452576
93658,77.45073
283701,77.45007
187146,77.45006
368065,77.44683
219356,77.44615
16979,77.4453
340250,77.44255
93313,77.44248
330889,77.441376
339291,77.44041
196126,77.43867
135983,77.438354
326229,77.43784
121246,77.435234
113707,77.43261
71702,77.4323
136024,77.4323
161156,77.43161
190389,77.42878
306154,77.426186
212483,77.42267
104465,77.42259
141369,77.42183
109570,77.416664
52306,77.41566
374827,77.41416
269273,77.41337
115156,77.4131
344474,77.4131
367103,77.41255
336978,77.41236
9673,77.410034
209042,77.40681
266567,77.40637
344120,77.406204
114660,77.403404
125698,77.40282
303110,77.40118
113792,77.40102
306208,77.400696
120830,77.397736
236844,77.397675
89233,77.39638
317006,77.39535
254152,77.393394
200195,77.39325
5199,77.390526
4345,77.38951
22634,77.387436
71642,77.38521
294983,77.38459
262444,77.38108
346659,77.38045
11982,77.37989
23115,77.37806
141391,77.37712
24835,77.37584
247174,77.37396
166724,77.36967
303051,77.3686
140512,77.367874
221602,77.36626
107702,77.364876
341652,77.36449
7386,77.36352
308785,77.36282
165690,77.36225
195280,77.361145
123302,77.35968
66280,77.35958
348856,77.35924
26561,77.35821
232107,77.35774
197848,77.35711
317857,77.35631
49317,77.35372
49330,77.35372
87741,77.35149
362119,77.35055
317231,77.3499
291247,77.34981
49385,77.34947
25443,77.34883
327155,77.34872
350997,77.346504
88566,77.34507
71636,77.343864
289976,77.34314
194481,77.342766
281599,77.34273
18244,77.339874
212718,77.33955
353355,77.339134
78414,77.33647
174185,77.33542
213590,77.33524
2776,77.32937
131500,77.32772
11729,77.32086
3701,77.31985
36806,77.31981
5602,77.31833
343521,77.317085
337836,77.31641
97735,77.31589
4376,77.31528
186108,77.31319
265729,77.31288
195815,77.31236
126446,77.31219
248525,77.309456
194952,77.30742
272928,77.30576
187952,77.302444
292035,77.302345
30170,77.302
293533,77.30064
237165,77.29801
180106,77.29716
231888,77.293106
339592,77.29247
330839,77.288345
27399,77.28792
125905,77.28782
294946,77.287544
485,77.2863
137237,77.28625
116680,77.285255
110186,77.28406
2194,77.28335
6727,77.2824
5844,77.28189
223974,77.280396
128535,77.27966
371021,77.277504
165306,77.27721
255014,77.27643
301569,77.27366
77585,77.273415
169707,77.272934
350002,77.27249
242334,77.27032
373968,77.26782
82578,77.26639
50793,77.26477
33582,77.26089
291169,77.25883
163910,77.25541
245759,77.25509
221309,77.254555
298938,77.25291
147393,77.24939
112454,77.24933
167066,77.249214
252271,77.24822
276932,77.24744
359495,77.24427
121560,77.24131
138666,77.24124
56856,77.240654
43937,77.23985
93276,77.23778
46163,77.23727
190440,77.23549
82877,77.2317
323388,77.230675
101646,77.228455
103448,77.22801
290034,77.225784
258834,77.22097
55133,77.22069
227290,77.219536
10560,77.21837
185860,77.216644
38672,77.215675
299916,77.21353
52988,77.21309
150451,77.211716
283942,77.21146
44694,77.21125
91198,77.21059
175453,77.208176
56974,77.2067
190205,77.2059
88724,77.20489
172886,77.20473
128697,77.202194
293929,77.20041
368507,77.19816
287625,77.19784
315006,77.197624
270398,77.19172
280528,77.19114
223620,77.18985
34817,77.1891
77479,77.18857
267839,77.18769
155552,77.18695
8309,77.183365
44827,77.18116
256526,77.18077
11548,77.17969
313625,77.17911
73871,77.17797
327295,77.17763
86895,77.17629
191102,77.17221
256021,77.17182
128189,77.17158
282441,77.17153
71979,77.16949
256444,77.166885
57972,77.166214
235849,77.165054
154648,77.16402
223726,77.163475
18160,77.162544
11068,77.16218
164766,77.16168
321290,77.16085
297795,77.16009
98019,77.158745
103026,77.15797
280884,77.15757
322892,77.15675
160298,77.15439
128215,77.15429
329632,77.1509
30766,77.14728
121700,77.14624
317775,77.144
182803,77.1409
225248,77.14055
282089,77.14054
50865,77.13939
9298,77.13723
41048,77.13525
305663,77.13238
359615,77.12757
177392,77.12735
248478,77.126526
98948,77.12557
118603,77.12503
300790,77.123405
3462,77.12036
151724,77.11997
319676,77.119736
180732,77.11871
186392,77.11666
221900,77.11604
345606,77.11562
29641,77.115616
174284,77.114494
130019,77.108345
90184,77.10812
147627,77.1066
203513,77.101875
226519,77.10111
253040,77.100586
107534,77.095726
157944,77.093864
84504,77.093094
274179,77.091194
261535,77.08984
231057,77.08885
316294,77.0882
92324,77.084625
78964,77.08346
258559,77.08326
329053,77.08305
180509,77.0822
140878,77.081154
9597,77.08115
254796,77.07951
234209,77.078926
38838,77.07767
89375,77.07741
167806,77.075676
234224,77.074295
24518,77.074135
243451,77.07413
20044,77.07383
14214,77.073654
260945,77.07115
121715,77.07068
23813,77.070114
283341,77.06951
306936,77.06849
361141,77.06841
260651,77.066895
84801,77.06667
369465,77.06551
362183,77.06533
60903,77.06418
63302,77.06164
208235,77.06135
27484,77.0607
117371,77.05925
249931,77.056435
290071,77.05518
115157,77.05466
17719,77.0528
251218,77.05065
147028,77.05057
165587,77.04956
57847,77.048744
41035,77.047386
191573,77.047104
350240,77.046745
2945,77.04523
175862,77.04381
331299,77.04367
87706,77.04296
3630,77.0423
87623,77.03955
327034,77.038864
274298,77.036865
214701,77.03672
262526,77.0365
282554,77.035484
8736,77.033226
191479,77.02878
187908,77.028175
16177,77.02812
60166,77.02581
374210,77.02581
49629,77.02415
351222,77.02393
322977,77.0234
373441,77.02137
270357,77.02087
296368,77.0193
280428,77.017525
204951,77.01698
296733,77.015625
28786,77.014725
40150,77.0143
226085,77.014175
209733,77.0116
77341,77.01056
70924,77.01
357300,77.0082
155633,77.00812
341065,77.004585
254715,77.00415
180341,77.00396
22583,76.99952
239132,76.99854
292416,76.99673
182222,76.99549
194550,76.99544
358269,76.994835
5311,76.9947
99076,76.9938
229661,76.99207
146960,76.99205
118602,76.98912
366363,76.98704
145271,76.984795
354152,76.98451
309144,76.98337
374803,76.98306
174428,76.98114
160299,76.97996
228352,76.978905
236870,76.97855
189597,76.97498
67801,76.97395
110897,76.96786
235688,76.96764
231585,76.96612
70642,76.964424
17433,76.96359
345246,76.96253
4573,76.960495
29892,76.95911
287416,76.95817
172072,76.958015
180034,76.95449
148925,76.95313
196213,76.95096
335053,76.95044
214079,76.949165
302006,76.94768
88690,76.9467
98029,76.94521
306303,76.94312
188751,76.94223
233019,76.94137
35116,76.94093
183140,76.94033
354301,76.93996
217732,76.93959
4388,76.938324
32289,76.93828
198495,76.936676
21921,76.93595
301671,76.93551
235045,76.934525
362736,76.93179
169806,76.93118
180724,76.92798
346415,76.925606
86941,76.925125
210110,76.92426
247631,76.92373
274417,76.923676
307599,76.92297
156237,76.92171
166896,76.918945
31429,76.91829
111719,76.91726
206698,76.91305
327895,76.91225
3265,76.911934
169231,76.91031
354029,76.91013
169749,76.9078
236569,76.90665
204882,76.905594
7889,76.90468
287958,76.90295
360387,76.90141
205720,76.8987
311441,76.89866
261312,76.89641
38392,76.89589
280777,76.89324
51057,76.89252
126855,76.89218
40071,76.89203
363430,76.89145
14110,76.888756
147881,76.88868
51290,76.88812
83629,76.88765
362509,76.88687
177990,76.88596
35335,76.8854
209129,76.88372
19031,76.88252
204763,76.87885
32383,76.878624
33630,76.87743
89075,76.87644
190743,76.87625
297215,76.87488
212374,76.874245
182308,76.87378
2715,76.8732
229841,76.87054
357772,76.87049
172469,76.868645
111854,76.86649
5302,76.86618
320326,76.86588
267409,76.86486
107490,76.86481
362897,76.862495
50684,76.86166
60,76.860634
364236,76.85993
16995,76.8597
23200,76.85686
17237,76.85649
20411,76.85644
320498,76.85636
124573,76.855835
80785,76.85429
322299,76.85265
51227,76.85236
237478,76.850815
299409,76.850716
131614,76.84944
254710,76.849266
271348,76.84779
39291,76.84654
39517,76.84566
258701,76.84544
147587,76.844864
331746,76.84414
130704,76.84358
455,76.8429
338972,76.84257
228547,76.84077
218188,76.84018
38093,76.83837
58786,76.83734
17509,76.835815
79766,76.8335
303693,76.83045
210625,76.82883
178462,76.82532
234716,76.82515
343003,76.825035
360889,76.82503
175844,76.82495
136057,76.822815
331537,76.8224
52739,76.82213
304207,76.81923
85728,76.81868
317721,76.8168
347238,76.816345
221304,76.81622
275506,76.816055
372014,76.81595
374138,76.81595
5047,76.814644
120083,76.81453
314662,76.81099
88521,76.810814
369683,76.8105
95129,76.80893
339383,76.808495
168705,76.808136
205342,76.80758
240692,76.80708
364336,76.80416
326410,76.80344
23551,76.801315
277320,76.80125
43324,76.801216
243501,76.80007
6841,76.79694
253654,76.79549
189337,76.79156
307008,76.79114
358048,76.7911
249395,76.789116
190879,76.78797
284233,76.78735
203209,76.78501
296227,76.78426
13174,76.782
33472,76.781876
284784,76.77868
279953,76.77771
6521,76.7776
226033,76.7768
35811,76.775246
215411,76.77298
54842,76.772934
325891,76.77207
132614,76.77164
88145,76.770966
235569,76.7697
210813,76.76934
201584,76.7692
165648,76.76913
236354,76.76739
152855,76.76664
122873,76.76624
198253,76.76453
189822,76.76335
97824,76.76239
118907,76.76234
334490,76.76104
293948,76.76047
371335,76.76015
8331,76.75465
319929,76.75451
251608,76.75373
224546,76.752144
191692,76.75205
302922,76.74498
367171,76.74489
367094,76.74474
181999,76.74456
194691,76.744484
32400,76.74325
289251,76.74181
185764,76.73834
42788,76.736755
20285,76.73537
232694,76.73537
132756,76.733955
39452,76.73312
197643,76.73285
19197,76.73212
250268,76.72923
22163,76.72921
111668,76.72843
249202,76.727715
370449,76.727516
360882,76.72742
237905,76.72683
231589,76.72496
315762,76.72279
274750,76.72012
343011,76.71832
8213,76.717964
217605,76.71651
330326,76.71638
341333,76.71395
139196,76.7132
344094,76.71215
330470,76.71171
188522,76.70964
268199,76.70726
86984,76.70677
178567,76.70566
254292,76.70513
204698,76.70509
313863,76.70233
192034,76.701
249003,76.70069
207264,76.70051
278706,76.69769
4296,76.69736
140397,76.69623
247578,76.69516
248465,76.69442
148424,76.69375
25664,76.69333
183066,76.69201
260953,76.69179
215329,76.69151
292969,76.690994
356981,76.69094
258842,76.690575
302868,76.68767
92509,76.686554
178683,76.68404
132056,76.683754
296457,76.68205
150675,76.6804
66012,76.68014
92766,76.67997
312889,76.6797
109314,76.67959
261877,76.678345
295275,76.67817
243864,76.67802
9180,76.678
343509,76.67745
65560,76.677055
50583,76.67544
110524,76.675125
178485,76.6717
104668,76.67134
182955,76.67105
202862,76.670006
9360,76.66948
46543,76.66935
240650,76.66706
79408,76.66675
358781,76.66618
77437,76.66345
353162,76.66279
134646,76.660904
375118,76.659004
88939,76.658585
308067,76.65839
357444,76.65833
134963,76.6571
48890,76.652374
346229,76.65209
242905,76.65178
162294,76.651726
156140,76.649345
260996,76.64718
204818,76.6448
229004,76.6435
107328,76.64113
45782,76.64105
137588,76.64066
112290,76.6403
202085,76.63779
336218,76.63754
279310,76.635185
205066,76.633804
196028,76.63319
166443,76.63254
369079,76.62972
144831,76.6272
286199,76.62684
34606,76.62638
294701,76.62503
30786,76.624344
266122,76.623276
340298,76.62214
45368,76.62194
111538,76.618126
4259,76.618095
64412,76.61204
312297,76.61114
292708,76.61041
146451,76.61019
4221,76.609375
133407,76.609276
22159,76.60432
41314,76.60294
29276,76.60171
230298,76.6009
135501,76.60018
60148,76.59993
92205,76.59973
134539,76.59894
20993,76.59605
67737,76.59592
41589,76.59528
320256,76.5945
328925,76.593254
316206,76.59083
305898,76.59044
331635,76.590324
193663,76.589836
10863,76.58982
62068,76.58851
182660,76.58823
187897,76.58748
9086,76.58723
191009,76.58441
239559,76.58232
5483,76.58181
323407,76.581505
336180,76.58132
77851,76.580795
137421,76.57994
158167,76.57907
147461,76.57898
293063,76.57852
211025,76.577805
336832,76.577286
50771,76.57693
233422,76.57581
70454,76.57537
193188,76.573906
24127,76.57229
302897,76.57022
229618,76.5701
199426,76.564995
337485,76.56265
115147,76.56202
168316,76.56066
268094,76.55923
330180,76.557594
5193,76.55609
191221,76.555916
375096,76.5557
97379,76.55493
183001,76.55322
71833,76.55172
253960,76.55023
278148,76.547134
73807,76.54675
308756,76.54303
192510,76.541985
1362,76.54029
163006,76.53727
328007,76.53645
236617,76.536224
284696,76.53499
204245,76.53477
131649,76.53391
22801,76.533585
160453,76.532196
347473,76.53203
223192,76.531204
38842,76.52922
3507,76.52852
32614,76.52606
250011,76.524734
210429,76.52404
13357,76.52373
214107,76.52288
137511,76.5223
369524,76.51915
196887,76.515434
120503,76.51434
315602,76.512825
331960,76.51156
212115,76.51097
208550,76.51029
19990,76.50948
259121,76.50608
302272,76.50572
259620,76.502716
218750,76.50164
96616,76.50013
222802,76.49669
19029,76.49527
16522,76.49341
351777,76.49085
167270,76.48915
237821,76.488556
355125,76.4826
245312,76.47582
303481,76.47103
74952,76.47073
194133,76.46994
239899,76.469444
372511,76.46888
367372,76.4684
356621,76.467964
292554,76.46643
163803,76.464096
374718,76.464005
153507,76.46304
145472,76.462845
140610,76.46043
293572,76.459785
288625,76.45884
9901,76.45598
192441,76.455574
343059,76.45463
296373,76.45267
197420,76.45127
158621,76.451256
159157,76.450874
85842,76.449684
288615,76.44886
16122,76.447914
165445,76.44511
10526,76.444
203745,76.440636
294897,76.440384
287109,76.4353
16801,76.435074
370259,76.43504
334676,76.43466
40742,76.43421
267791,76.43076
2872,76.43062
199728,76.428055
304490,76.4276
94258,76.42749
60432,76.42486
15157,76.42347
240797,76.42332
74550,76.42327
53045,76.42257
58323,76.4222
119060,76.42153
260553,76.420006
298288,76.41983
98284,76.41958
15600,76.41798
287507,76.41795
278363,76.41754
264052,76.417305
209304,76.4167
126896,76.41487
52061,76.41478
161380,76.413826
115912,76.41038
287332,76.40957
287806,76.40901
165909,76.406715
312534,76.39989
371483,76.39916
293426,76.3987
66108,76.39625
150593,76.390175
247076,76.388466
216906,76.38814
345939,76.3825
365103,76.382256
5635,76.38076
33047,76.3807
40159,76.37881
24887,76.378586
131213,76.37848
312873,76.374695
235901,76.3735
147516,76.371826
350340,76.37078
124935,76.36978
109558,76.36976
322225,76.36684
287276,76.36586
566,76.36523
11241,76.365105
350129,76.36303
24981,76.35986
238746,76.357346
139364,76.35534
234020,76.35491
319740,76.354294
193390,76.35358
47772,76.353386
257584,76.35299
369404,76.352684
92129,76.352554
226401,76.352165
226422,76.35193
274651,76.351685
117228,76.351295
180799,76.350945
118628,76.35079
179675,76.350204
340493,76.34882
275030,76.348694
300169,76.346405
171197,76.34478
163054,76.34461
5721,76.3432
42076,76.34305
272027,76.34278
300583,76.34114
65379,76.339966
163890,76.33862
159436,76.33844
247988,76.336815
274163,76.336296
123774,76.33614
375412,76.33574
122467,76.335495
288256,76.33466
15137,76.33225
157013,76.33008
196147,76.329765
41126,76.3296
170453,76.32849
276525,76.32771
316030,76.324356
78490,76.32226
12177,76.32131
266751,76.3206
368640,76.32042
198560,76.31922
284809,76.31689
57302,76.3159
286309,76.31474
176973,76.31276
32081,76.31178
302735,76.31134
52292,76.308014
206281,76.30764
260128,76.30714
162963,76.30678
359988,76.305336
163070,76.30458
286299,76.30427
272612,76.302345
375278,76.30208
215301,76.299576
32135,76.29889
314401,76.29675
43262,76.296265
22340,76.294754
28164,76.29467
181059,76.29371
98491,76.293526
102000,76.293495
358533,76.2923
237148,76.29109
298313,76.29009
266070,76.288895
364416,76.28881
19813,76.28762
220290,76.28731
184626,76.28487
70093,76.284454
326318,76.28215
285030,76.28088
161754,76.28071
155310,76.27992
54768,76.279076
293222,76.27738
30255,76.27715
375439,76.27691
173770,76.2749
247499,76.27295
213002,76.272865
48713,76.27147
287009,76.27123
244289,76.268295
145246,76.26695
215784,76.26558
355490,76.26111
155061,76.260765
34118,76.2598
303166,76.25893
195807,76.25794
273718,76.25686
16150,76.25589
288400,76.255745
171454,76.25567
348398,76.2512
213860,76.25033
4565,76.2503
27981,76.24879
54887,76.24857
359167,76.24593
216832,76.24497
334632,76.24435
52107,76.24169
336167,76.241455
367782,76.24054
366168,76.2405
149748,76.2367
181196,76.236496
306934,76.23571
99063,76.23304
375419,76.231155
375420,76.231155
235976,76.22998
361641,76.22924
223344,76.22676
36991,76.2249
2942,76.22423
123656,76.223755
130998,76.22309
225523,76.2225
203697,76.21901
205508,76.21814
27225,76.21636
286260,76.21532
79003,76.21034
131133,76.20996
51813,76.20924
169556,76.20858
43175,76.20848
191899,76.20805
99727,76.20737
64039,76.20671
61863,76.205246
13076,76.2038
36104,76.20375
281791,76.20254
240805,76.20242
92630,76.20196
207408,76.20044
201656,76.19901
130632,76.19824
321554,76.19811
253904,76.19544
227300,76.19492
31752,76.192444
358765,76.18966
155525,76.18921
178858,76.18869
91535,76.18861
244072,76.1871
29699,76.185974
115078,76.18476
313690,76.18404
321323,76.18229
351853,76.18206
282618,76.18158
220882,76.18074
21064,76.180534
188649,76.17983
241611,76.17858
242423,76.17733
23587,76.17727
338471,76.17611
129662,76.17602
3359,76.173645
242869,76.17264
353597,76.17238
308896,76.1719
299236,76.171005
314188,76.17035
38562,76.16994
312861,76.16842
104286,76.168365
367040,76.16825
218703,76.16708
237022,76.16658
11985,76.16599
292948,76.16503
14956,76.164
268219,76.161934
254721,76.15735
297043,76.15721
16495,76.15646
277063,76.156265
87329,76.15602
223994,76.154724
171918,76.15323
289181,76.15234
164390,76.149704
66957,76.14572
369377,76.14571
300332,76.14538
262837,76.134415
302007,76.132034
121400,76.12872
28342,76.1276
215303,76.12742
136859,76.12728
88467,76.12718
265856,76.1245
81691,76.124344
349308,76.122986
30998,76.120705
253937,76.120316
157139,76.11928
184833,76.118774
118198,76.117966
49619,76.11499
106583,76.11499
156158,76.11421
356857,76.11228
20343,76.11183
208665,76.11017
189095,76.10952
100214,76.109116
239359,76.10856
309677,76.106285
234047,76.10399
293432,76.10256
354124,76.10233
305440,76.1009
184071,76.100876
337881,76.1008
34604,76.09941
119421,76.099304
85180,76.09868
296140,76.09848
167914,76.09792
121255,76.09688
29642,76.09649
205243,76.0943
297386,76.093285
258273,76.09062
248912,76.090294
348297,76.08881
309689,76.08814
204360,76.0869
311682,76.086266
297433,76.08512
361581,76.08488
89225,76.08435
357328,76.08396
321802,76.08364
264619,76.083084
284058,76.08308
126078,76.08269
25494,76.08127
163805,76.079414
98472,76.079
196807,76.07889
99861,76.07736
231782,76.07708
294718,76.07378
122611,76.07353
256936,76.069435
269599,76.06922
92426,76.06864
232533,76.06722
35456,76.06375
6471,76.0636
233255,76.06332
40996,76.06092
332017,76.06086
145888,76.05865
250101,76.05865
202198,76.05791
305288,76.055244
245944,76.05509
76959,76.05441
296447,76.05435
189998,76.05401
234933,76.05333
141483,76.05275
168498,76.05119
23198,76.05077
106540,76.05068
100803,76.050316
64452,76.05015
373709,76.04894
316049,76.04825
341098,76.047035
125128,76.045166
352302,76.04427
5625,76.0432
308034,76.04272
286607,76.03948
120264,76.03943
82416,76.038925
299373,76.038506
200491,76.03653
346772,76.036285
17789,76.03602
346866,76.03586
16867,76.03503
197380,76.03465
116937,76.03432
247703,76.033676
9333,76.03143
367429,76.030876
19028,76.03038
283603,76.02527
318216,76.02471
130210,76.02042
13620,76.0195
189694,76.01935
24355,76.018196
42724,76.01645
281429,76.01602
70598,76.01399
154194,76.01334
231635,76.01271
240076,76.01244
167981,76.01205
220473,76.009605
173863,76.009384
339676,76.00905
296070,76.00736
307349,76.00725
22037,76.006386
342003,76.004776
145511,76.00463
249614,76.00372
44907,76.00186
270221,76.00186
209883,76.001595
241818,76.00124
138094,76.000595
158827,76.00019
4327,75.997734
165848,75.99547
72794,75.99514
368739,75.99333
8530,75.99299
157767,75.99219
23570,75.99209
308075,75.99134
29899,75.99092
212687,75.99058
96408,75.990395
43693,75.98803
176286,75.98798
353987,75.98733
367416,75.987
4926,75.982864
12262,75.9815
37489,75.979485
278472,75.97451
132244,75.97153
216243,75.97051
248462,75.969055
338670,75.96905
12734,75.96867
254196,75.96827
7516,75.96656
25629,75.96625
6567,75.96304
346705,75.96281
46715,75.96224
110149,75.96168
186201,75.96138
354707,75.96091
191203,75.95872
80774,75.95812
46989,75.95578
33620,75.955536
342991,75.95169
182496,75.95098
3602,75.95087
239374,75.95036
174949,75.94827
145187,75.94804
31533,75.94692
340615,75.94636
358548,75.94547
272697,75.94544
167158,75.94534
272210,75.94495
127549,75.941826
280174,75.9418
246278,75.940285
39593,75.93986
23457,75.9378
52261,75.93697
334245,75.93642
358992,75.93639
245534,75.92993
222365,75.929855
178431,75.92886
171098,75.92864
245167,75.92792
357959,75.926796
252465,75.92653
235732,75.92583
452,75.925446
191444,75.92511
2781,75.92327
341212,75.92006
110973,75.91432
117272,75.911575
306405,75.90932
219442,75.907974
7699,75.907906
200028,75.90693
17003,75.90624
97253,75.90395
18754,75.90039
50031,75.89995
46368,75.89328
5653,75.89144
96221,75.89144
207293,75.89079
302467,75.89047
110681,75.89028
14045,75.88673
213174,75.886696
321686,75.885956
316360,75.88443
284068,75.88414
100679,75.883606
164442,75.883156
223756,75.88171
201895,75.88078
128841,75.88003
364031,75.879776
147734,75.87955
342645,75.878944
239958,75.8789
190218,75.87885
140650,75.87845
214588,75.873276
305923,75.87194
338181,75.869316
183697,75.86575
36668,75.86491
28117,75.864456
340390,75.864044
129765,75.86366
108056,75.86267
264764,75.86236
303220,75.86221
164605,75.86186
9191,75.859215
203568,75.858574
348899,75.85801
370084,75.85783
331686,75.856155
124838,75.85552
179291,75.85511
284637,75.85507
183205,75.85497
168181,75.85496
88744,75.85271
167220,75.84978
158466,75.849434
41652,75.8473
34280,75.845146
62483,75.84343
7636,75.84141
150773,75.83933
348837,75.83867
27986,75.83859
220191,75.83638
36601,75.83616
262970,75.83539
331992,75.833595
360125,75.82991
217352,75.8285
244889,75.82767
297819,75.82765
48493,75.8273
224113,75.82673
269248,75.82416
62323,75.82094
126518,75.81925
261499,75.8173
81397,75.81572
88213,75.81477
155441,75.81334
49672,75.80864
134698,75.807945
354925,75.80492
122122,75.803604
209012,75.80153
239532,75.79915
41229,75.7973
39013,75.79682
140696,75.7955
303016,75.79304
193506,75.78993
168046,75.78919
341954,75.78854
162881,75.78639
94116,75.78628
31469,75.78515
179495,75.78458
245756,75.78424
248725,75.78284
152758,75.78131
105476,75.779724
175102,75.77931
27509,75.77803
274161,75.77695
68279,75.77693
72528,75.77664
296505,75.77642
121165,75.776245
272170,75.77433
343613,75.76923
271935,75.76843
269505,75.76702
58123,75.76648
277683,75.7623
123597,75.76163
190233,75.75928
247918,75.75836
332632,75.75796
266767,75.75771
3393,75.75533
130140,75.753265
292621,75.75166
49368,75.75153
49381,75.75153
142885,75.748055
203387,75.74784
94944,75.747795
4283,75.74718
362583,75.74709
281670,75.74651
116684,75.74611
6964,75.74383
44302,75.74249
100995,75.7407
219506,75.74056
38694,75.739914
72889,75.739456
338198,75.73717
223247,75.73659
335748,75.73595
42095,75.73504
315483,75.73392
233740,75.73273
344009,75.73057
241160,75.72951
282865,75.72935
33593,75.729095
130475,75.72675
235358,75.72625
372248,75.725494
370378,75.72365
357490,75.723404
198854,75.721054
360920,75.719826
365570,75.71965
133904,75.7137
373580,75.71256
346088,75.71153
219815,75.70841
304870,75.7066
326487,75.705605
293791,75.70493
236270,75.70454
234343,75.70322
325895,75.70187
361049,75.70089
73729,75.69943
24767,75.69763
22766,75.69746
199372,75.69583
237701,75.69512
254455,75.694534
33088,75.69419
291681,75.69393
245286,75.69293
21257,75.69254
127035,75.69179
179445,75.69153
366740,75.691055
6702,75.689545
198501,75.68905
100526,75.68882
199370,75.6875
98949,75.687256
324576,75.68717
56241,75.686935
174160,75.68538
226859,75.685326
297264,75.68225
150847,75.68118
34536,75.678894
237631,75.67746
170403,75.67648
140634,75.67476
294767,75.67214
245595,75.67147
211929,75.67047
253196,75.66901
243409,75.66829
216296,75.667564
33038,75.66555
292857,75.663895
297381,75.66353
218466,75.66116
174475,75.66107
100695,75.659775
184658,75.657585
277896,75.656334
96316,75.652016
25251,75.651344
235048,75.64862
372713,75.64815
162478,75.64179
32023,75.63967
319687,75.638855
175125,75.63768
77358,75.634926
75437,75.63322
343676,75.63284
307866,75.63254
36499,75.63087
110695,75.62964
122825,75.62956
42527,75.62682
160224,75.62633
44249,75.625854
180401,75.62519
39858,75.623405
11148,75.622536
361326,75.62082
163590,75.62081
362928,75.61911
199081,75.61864
219772,75.61703
14478,75.61665
298731,75.6158
93311,75.61553
5644,75.61543
31216,75.615425
315932,75.61486
326839,75.61486
85580,75.61463
66760,75.614265
18510,75.6136
326718,75.61358
13463,75.612144
178682,75.612076
308516,75.6106
144455,75.61044
163587,75.60953
344,75.60703
285196,75.60582
202016,75.60476
358367,75.604675
208638,75.6046
20005,75.60394
360810,75.60284
361625,75.60236
333258,75.60126
180503,75.6003
228174,75.59924
252844,75.59681
35845,75.595184
77762,75.593796
25016,75.59271
350433,75.59142
266671,75.591385
323279,75.59091
50868,75.58905
246341,75.58699
286406,75.58395
119259,75.58316
211385,75.58293
10822,75.58269
166815,75.58196
186322,75.58102
214664,75.57903
237493,75.57405
134239,75.57399
119948,75.57315
21647,75.57103
307224,75.569695
276678,75.56882
108155,75.567406
218963,75.566345
4825,75.56361
116067,75.56346
194584,75.563034
364439,75.563
156805,75.562904
367571,75.562035
189625,75.561935
349692,75.56187
19041,75.56172
229582,75.561485
236044,75.56147
284534,75.56062
333475,75.56033
26343,75.56028
42503,75.559746
13431,75.55935
202883,75.55864
118866,75.55836
308048,75.55751
44673,75.557335
244471,75.5569
310322,75.556755
186886,75.555016
259149,75.55304
182779,75.55179
75366,75.5498
249432,75.54821
365897,75.54805
202570,75.54701
121184,75.54592
303129,75.54485
125154,75.53862
280079,75.53281
234648,75.53271
122284,75.53168
356432,75.52969
314289,75.529335
22390,75.52896
239895,75.5232
183425,75.52079
2430,75.51963
206541,75.519485
244326,75.51843
370412,75.517685
99723,75.51635
2345,75.51531
379,75.514786
308769,75.51251
360243,75.5124
248568,75.50998
308464,75.50952
338961,75.50742
243442,75.50635
330958,75.50532
163190,75.5052
190387,75.50518
30863,75.50449
26080,75.503944
6979,75.501915
64531,75.50001
125676,75.49638
35341,75.49407
277469,75.49212
257484,75.4915
71876,75.49034
116252,75.48908
339473,75.488815
37799,75.4877
148818,75.48665
340703,75.48647
126337,75.48614
4049,75.48324
3322,75.48293
123186,75.48257
190240,75.48254
226751,75.480354
154134,75.478485
290317,75.47531
111687,75.47462
269843,75.471725
326994,75.47116
133077,75.47061
301571,75.47012
328269,75.46938
305554,75.46847
285211,75.46733
139160,75.46516
91219,75.46468
23768,75.46376
189470,75.460464
11926,75.46019
349914,75.46004
70814,75.45692
361390,75.45649
368939,75.45603
178144,75.455086
219316,75.45375
371404,75.4535
353064,75.45305
50944,75.45271
81100,75.45251
209745,75.45143
121423,75.45122
343382,75.44989
276252,75.449875
18747,75.44861
370682,75.44585
203077,75.44423
163675,75.44219
73995,75.43914
371974,75.43833
373454,75.43785
345792,75.4361
42194,75.435425
334534,75.432526
222137,75.43147
267176,75.42872
259445,75.42833
114059,75.42781
144503,75.42751
359226,75.42669
104830,75.42629
268283,75.42586
316598,75.42532
363075,75.42472
60128,75.42304
245102,75.42266
345211,75.42045
27425,75.41983
33497,75.41718
198035,75.41543
102343,75.41411
194245,75.41407
236511,75.413605
127214,75.40754
90724,75.40589
1679,75.405304
207974,75.40453
370615,75.40428
183038,75.40193
357041,75.401566
244422,75.40036
336842,75.39998
217245,75.397484
178255,75.397064
357538,75.394485
290163,75.39401
355623,75.39157
310433,75.39106
42451,75.390625
27236,75.38922
297181,75.38702
166909,75.386986
299963,75.37975
106417,75.37697
354123,75.37689
66683,75.374435
82927,75.374435
139016,75.37376
6642,75.37242
13998,75.371704
275446,75.37165
342448,75.371506
2710,75.36816
316697,75.36703
244596,75.365845
115314,75.36549
145342,75.36039
138092,75.359474
237235,75.35714
136044,75.355576
364686,75.35435
82768,75.35397
18469,75.35368
215069,75.35118
278812,75.35096
237911,75.3507
295065,75.35038
290014,75.35029
255874,75.350075
241808,75.34958
200627,75.34909
128658,75.348885
374766,75.34759
147835,75.34741
4595,75.34733
110263,75.34537
230300,75.34397
188142,75.34388
252762,75.34277
168935,75.34257
319246,75.34218
337104,75.34095
81794,75.3394
643,75.33921
80749,75.33845
273916,75.338326
355480,75.33478
213523,75.334564
369823,75.33275
94398,75.33045
206798,75.329506
330827,75.329506
275826,75.329
337078,75.3285
234775,75.32828
236074,75.326866
250655,75.326866
220818,75.32643
155795,75.322975
297668,75.3227
93970,75.31992
247360,75.31891
155898,75.31887
134076,75.31685
33729,75.315384
95752,75.31342
154650,75.31213
166272,75.31135
99212,75.31001
158073,75.30817
80367,75.30793
129899,75.30737
359911,75.306206
349566,75.30529
142480,75.30496
348247,75.30277
48290,75.3007
288382,75.298836
315927,75.29843
200796,75.29809
103237,75.29512
45867,75.29476
28603,75.29434
12122,75.29429
255308,75.294235
36381,75.29377
329262,75.29204
289582,75.29155
164379,75.29094
190035,75.28731
149210,75.28647
284350,75.28623
373988,75.285255
161276,75.28314
244739,75.28293
224041,75.28247
331347,75.28107
238817,75.28079
222988,75.2791
249000,75.27749
10883,75.27496
102280,75.273636
168889,75.27359
175301,75.2698
269139,75.26834
197474,75.26833
127796,75.26732
15152,75.26716
252063,75.26689
211333,75.26686
84812,75.2658
135653,75.264114
349544,75.25992
349688,75.25846
280464,75.25838
105315,75.25754
185398,75.25524
236552,75.25314
11560,75.25189
93788,75.247154
15043,75.24538
31615,75.244446
100271,75.24378
86714,75.243034
234873,75.24272
88066,75.24221
34059,75.24164
3271,75.24129
168470,75.23844
298851,75.23719
83304,75.23599
315676,75.234665
103995,75.23268
226232,75.23165
185568,75.229645
364691,75.22928
207023,75.227264
83376,75.22519
265516,75.22077
41698,75.21669
30328,75.21662
343352,75.21638
25098,75.21631
25138,75.213264
241560,75.211205
261128,75.211044
363189,75.21056
18580,75.20919
290315,75.20788
184804,75.20647
28279,75.2056
80973,75.204895
35739,75.20446
366137,75.2042
183467,75.20408
182307,75.20297
351712,75.202095
9503,75.20029
258303,75.19847
68628,75.19673
152908,75.196106
346339,75.195114
133016,75.19406
108661,75.193016
53533,75.192726
179667,75.19242
325662,75.191795
243956,75.19101
192433,75.19083
146186,75.190445
48459,75.19034
70070,75.18918
162818,75.1879
69240,75.18567
67177,75.18413
26743,75.18298
29495,75.18082
58443,75.18043
183410,75.17861
288547,75.1771
70682,75.176315
202277,75.1754
214571,75.17261
16812,75.17209
295020,75.17203
225682,75.17111
21237,75.16828
303510,75.167854
37213,75.167175
230768,75.166046
160364,75.16499
338278,75.16494
267111,75.164894
112791,75.16407
312746,75.163666
142103,75.163536
163263,75.163376
361569,75.163284
46724,75.162796
280582,75.162605
150462,75.160515
235312,75.15827
246253,75.15826
196159,75.15823
229798,75.15706
311185,75.15643
40640,75.156105
183413,75.15537
369230,75.15427
50129,75.14592
309906,75.14512
200654,75.141525
5631,75.14096
162567,75.1389
43511,75.13659
346989,75.13588
225611,75.13485
11531,75.13416
155319,75.13374
279197,75.13315
200394,75.13184
16377,75.13098
73959,75.130035
168428,75.12854
11726,75.128204
348347,75.12797
88731,75.1259
6604,75.1248
314284,75.12418
26471,75.12386
309025,75.12311
184826,75.12034
183225,75.11892
351750,75.118355
46943,75.11788
10492,75.11754
233358,75.115845
233673,75.11349
21905,75.11279
4024,75.110016
36855,75.10863
294390,75.10775
358238,75.10689
256290,75.10574
105744,75.10497
356512,75.10479
49053,75.10443
307334,75.10267
142190,75.10198
304181,75.09828
273553,75.09594
105217,75.09575
295428,75.09557
372546,75.09555
369321,75.092636
57275,75.09259
24896,75.09111
235745,75.090935
243271,75.09093
263785,75.0861
261564,75.07983
4232,75.07843
144093,75.07423
39891,75.071075
298278,75.07055
19594,75.07033
179152,75.07027
158747,75.06798
214053,75.06604
192289,75.0649
188831,75.06414
189468,75.06321
299403,75.06176
351410,75.060265
346137,75.060005
27552,75.058586
32527,75.0579
350897,75.057014
187530,75.05666
370046,75.054634
371899,75.05358
340943,75.053375
127327,75.04687
282836,75.04572
269893,75.04456
223575,75.04442
129024,75.04336
163264,75.041466
352911,75.04054
206886,75.03797
31544,75.03774
41660,75.03743
184660,75.03624
372994,75.035645
370059,75.03403
168197,75.033875
150170,75.033745
27256,75.03279
295928,75.03226
5615,75.032196
37212,75.03149
373221,75.03073
235820,75.02977
58327,75.02692
103750,75.02676
151796,75.02649
351561,75.026375
113541,75.02331
177040,75.0233
4359,75.022675
100217,75.02237
365823,75.01958
269499,75.019104
57593,75.01907
153646,75.017715
266176,75.01659
150041,75.015205
38927,75.01471
250702,75.01459
351930,75.013084
301245,75.01132
313106,75.00944
310834,75.009415
321684,75.00632
105600,75.00507
30865,75.004
122047,75.003876
238121,75.0033
101368,75.001045
4271,75.00052
32165,75.00042
250088,74.99966
70665,74.9995
272370,74.99838
98544,74.99813
34967,74.994934
371020,74.994736
76459,74.99442
149234,74.99432
317234,74.9923
75133,74.991035
360037,74.99103
194849,74.99024
191710,74.98316
319353,74.98255
214219,74.982254
250824,74.981705
10468,74.98134
30896,74.97999
33899,74.979645
253206,74.97796
139436,74.97468
197659,74.97333
71218,74.97309
26625,74.97257
335902,74.96861
89014,74.966064
342998,74.96396
194665,74.963745
344729,74.959595
272665,74.95756
115910,74.95725
167721,74.957214
230875,74.957184
41501,74.95693
173113,74.95681
147733,74.95667
115266,74.95607
359255,74.95545
367529,74.9543
365191,74.953995
126975,74.953835
160216,74.95206
142968,74.95151
54509,74.95091
359520,74.950356
32920,74.95007
66704,74.94892
156461,74.94735
117759,74.94433
297009,74.94298
248583,74.94159
332568,74.94094
159759,74.9389
297774,74.936714
374922,74.93596
263916,74.934784
225261,74.93307
48349,74.93263
169611,74.93013
321329,74.9274
202578,74.924515
93831,74.92325
90375,74.919716
375254,74.9193
132140,74.919136
33534,74.918686
199202,74.91757
217877,74.91575
178695,74.91478
2227,74.914536
122339,74.91429
97597,74.91412
260088,74.91129
108230,74.909706
69054,74.90961
335031,74.908775
76744,74.90697
212549,74.90648
46625,74.905525
359375,74.90425
14428,74.90424
431,74.9034
123635,74.903366
88772,74.90152
271053,74.900345
180385,74.89833
189380,74.89625
353317,74.896126
354312,74.894066
28533,74.8908
303336,74.89071
296261,74.8896
162131,74.88738
326490,74.88682
240636,74.88453
13339,74.88308
277233,74.88296
277657,74.88097
67624,74.88085
238799,74.87968
206316,74.87912
115481,74.87817
292976,74.87795
332695,74.872475
345950,74.8715
322114,74.87126
316930,74.87103
125981,74.870735
35387,74.86821
295094,74.866684
254137,74.86597
274850,74.86479
352245,74.861496
194065,74.860535
212578,74.86012
14538,74.849815
94582,74.84945
77846,74.84929
222178,74.84722
317954,74.84546
329166,74.84395
99077,74.84281
375002,74.841606
47718,74.840164
250262,74.84008
192538,74.83953
347846,74.83878
15726,74.83876
11984,74.83803
337095,74.83708
310166,74.83595
221290,74.83588
132346,74.835106
195100,74.834724
42577,74.83284
235632,74.83194
130981,74.831604
317246,74.83082
73206,74.82987
4509,74.82873
213081,74.82835
303414,74.827385
47987,74.82697
48453,74.82492
80130,74.821915
216471,74.82146
198838,74.82142
4356,74.82137
1269,74.82103
262645,74.81952
336109,74.81738
363748,74.817245
30635,74.81677
296443,74.815674
112543,74.81357
4097,74.81293
4043,74.81064
189614,74.8096
242409,74.80737
264990,74.807205
97706,74.80715
56098,74.80467
155119,74.802986
300107,74.802986
113201,74.8025
151402,74.79945
247404,74.79852
111347,74.79739
201835,74.796616
359625,74.79579
256925,74.79376
190710,74.79374
44083,74.79169
196713,74.79145
65528,74.79137
339025,74.79105
346953,74.791046
177291,74.78752
53206,74.787445
321441,74.785416
62474,74.78501
205276,74.78458
234598,74.77926
106999,74.779076
7272,74.777725
296076,74.77633
150829,74.77606
45707,74.77565
219427,74.77529
49279,74.77342
268704,74.771835
359153,74.770744
242958,74.7707
72148,74.76963
136707,74.768456
151377,74.763336
159535,74.76303
340631,74.761604
90930,74.76044
194320,74.760056
13346,74.75967
203191,74.75917
245443,74.75648
275260,74.75574
176794,74.75548
95931,74.75352
295085,74.751
147195,74.74888
286923,74.748535
157836,74.74811
4328,74.74787
175902,74.745834
64174,74.74505
153709,74.74195
160436,74.74195
34815,74.74121
4310,74.74021
9944,74.73806
